node_idx,award_id,award_id_key,node_source,start_year,is_benchmark,benchmark_id,annotation_id,project_cluster_id,NSFDirectorate,NSFOrganization,AwardInstrument,ProgramElementCode(s),institution_id,organization_clean,person_id,target_integration_binary,target_design_binary,target_mmr_binary,target_mmr_multiclass,target_qual_binary,target_quant_binary,target_method_signal_binary,target_integration_binary__encoded,target_design_binary__encoded,target_mmr_binary__encoded,target_mmr_multiclass__encoded,target_qual_binary__encoded,target_quant_binary__encoded,target_method_signal_binary__encoded,split_random_cluster_stratified,split_temporal_cluster_safe,split_cross_program_cluster_safe,split_cold_start_pi_cluster_safe,split_cold_start_institution_cluster_safe,split_edu_to_eng_cluster_safe,y_true_encoded,y_pred_encoded,score
246,0080500,80500,cleaned_awards,2000,1,methodkg_v3_00011,ann_00530,projtxt_ddc5b7482c3e0a8d,ENG,EEC,Standard Grant,134000,inst_0f499ac77544,Rose-Hulman Institute of Technology,person_4cd552e36c07,0.0,1.0,0,qual_only,1.0,0.0,1,0,1,0,4,1,0,1,train,train,train,test,train,test,1,0,0.4271982
278,0085098,85098,cleaned_awards,2000,1,methodkg_v3_00013,ann_02100,projtxt_443a4fc0cc8d41f2,EDU,DRL,Cooperative Agreement,734700,inst_bcef3423f26c,Fresno Unified School District,person_4f6cb872a231,0.0,1.0,0,multi_method_not_mmr,0.0,0.0,1,0,1,0,2,0,0,1,train,train,train,test,test,train,1,0,0.44628394
419,0089625,89625,cleaned_awards,2000,1,methodkg_v3_00034,ann_01469,projtxt_923cab39515a81ad,EDU,DRL,Standard Grant,735500,inst_1c8215185d6b,SUNY at Albany,person_a72d05eef459,0.0,1.0,0,quant_only,0.0,1.0,1,0,1,0,5,0,1,1,train,train,train,test,train,train,1,0,0.4481671
520,9911883,9911883,cleaned_awards,2000,1,methodkg_v3_02482,ann_01193,projtxt_8d6c4a593b3b543c,EDU,DRL,Continuing Grant,730000,inst_b3b040a608d3,Colorado Springs District II,person_b3b20dff121f,0.0,1.0,0,quant_only,0.0,1.0,1,0,1,0,5,0,1,1,train,train,validation,test,validation,train,1,0,0.37501907
543,9952246,9952246,cleaned_awards,2000,1,methodkg_v3_02483,ann_00929,projtxt_78249d222807a1d7,EDU,DUE,Continuing Grant,"121900, 742700",inst_2b48dfddb740,Northeast Radio Observatory Corp,person_d12ec749244a,0.0,1.0,0,multi_method_not_mmr,0.0,0.0,1,0,1,0,2,0,0,1,train,train,train,test,train,train,1,0,0.37448886
631,9952740,9952740,cleaned_awards,2000,1,methodkg_v3_02487,ann_01805,projtxt_a22fa95073fed196,EDU,DUE,Standard Grant,742700,inst_ef0415b2bd8e,Northern Illinois University,person_f844baa1fde5,0.0,0.0,0,no_method_signal,0.0,0.0,0,0,0,0,3,0,0,0,train,train,train,test,validation,train,0,0,0.4327821
705,9980982,9980982,cleaned_awards,2000,1,methodkg_v3_02492,ann_00215,projtxt_1eb9b5ab73bc641f,EDU,DUE,Standard Grant,742800,inst_6c057e690f31,Virginia Commonwealth University,person_45f575bc127a,0.0,1.0,0,quant_only,0.0,1.0,1,0,1,0,5,0,1,1,train,train,train,test,train,train,1,0,0.45505887
1642,0104698,104698,cleaned_awards,2001,1,methodkg_v3_00050,ann_00881,projtxt_85c99f0bd52ea168,EDU,DRL,Continuing Grant,725900,inst_b2eb6e759527,SPRY (Setting Priorities for Retirement Years) Foundation,person_84858097528a,0.0,0.0,0,no_method_signal,0.0,0.0,0,0,0,0,3,0,0,0,train,train,train,test,train,train,0,0,0.41571304
1675,0107077,107077,cleaned_awards,2001,1,methodkg_v3_00055,ann_01844,projtxt_07c0b446a812f9cc,EDU,DRL,Continuing Grant,166600,inst_44c1460daca9,University of California-Los Angeles,person_c2b4499ca23b,0.0,1.0,0,qual_only,1.0,0.0,1,0,1,0,4,1,0,1,validation,train,train,test,train,train,1,1,0.5670033
1729,0114370,114370,cleaned_awards,2001,1,methodkg_v3_00058,ann_00298,projtxt_3b89622fa20f687f,ENG,EEC,Standard Grant,"576100, 915000",inst_af329f7bd9aa,Wichita State University,person_8c963b905018,0.0,0.0,0,no_method_signal,0.0,0.0,0,0,0,0,3,0,0,0,train,train,train,test,train,test,0,0,0.35960498
1862,0120807,120807,cleaned_awards,2001,1,methodkg_v3_00064,ann_01359,projtxt_1e00ac8e76cd3e97,ENG,EEC,Continuing Grant,"136000, 576100",inst_83101c1f934e,Arizona State University,person_26267f54623d,0.0,0.0,0,no_method_signal,0.0,0.0,0,0,0,0,3,0,0,0,train,train,train,test,train,test,0,0,0.34021083
2233,0123168,123168,cleaned_awards,2002,1,methodkg_v3_00070,ann_00971,projtxt_cfaffee6751ee414,EDU,DUE,Standard Grant,153600,inst_9dd70098a7f0,Appalachian State University,person_65f564d7a322,0.0,0.0,0,no_method_signal,0.0,0.0,0,0,0,0,3,0,0,0,train,train,train,test,train,train,0,0,0.3001097
2584,0127467,127467,cleaned_awards,2002,1,methodkg_v3_00089,ann_01638,projtxt_dab14e67c535f1cf,EDU,DUE,Standard Grant,742700,inst_1af48b1011e3,Trustees of Boston University,person_a9f4b8c989c6,0.0,1.0,0,qual_only,1.0,0.0,1,0,1,0,4,1,0,1,train,train,train,test,train,train,1,0,0.48318067
2633,0133246,133246,cleaned_awards,2002,1,methodkg_v3_00092,ann_02032,projtxt_9a7bdef9758e177c,EDU,DRL,Continuing Grant,"744400, 166600",inst_63ef75a85860,Utah State University,person_f43949535000,0.0,1.0,0,qual_only,1.0,0.0,1,0,1,0,4,1,0,1,train,train,test,test,train,train,1,1,0.5032572
2654,0137682,137682,cleaned_awards,2002,1,methodkg_v3_00097,ann_01331,projtxt_ec9a7bfc784c8583,EDU,DRL,Continuing Grant,735500,inst_7122f1b6f4d2,University of Montana,person_0852884bb6d5,0.0,1.0,0,multi_method_not_mmr,0.0,0.0,1,0,1,0,2,0,0,1,test,train,train,test,train,train,1,0,0.41102538
2814,0202848,202848,cleaned_awards,2002,1,methodkg_v3_00106,ann_01425,projtxt_51ab6eb9a75914d1,EDU,DUE,Standard Grant,768800,inst_43d206cc24e0,CUNY Hunter College,person_b5ae63758969,0.0,0.0,0,no_method_signal,0.0,0.0,0,0,0,0,3,0,0,0,train,train,train,test,train,train,0,0,0.41577062
3033,0220353,220353,cleaned_awards,2002,1,methodkg_v3_00116,ann_00096,projtxt_44f2786da5d667f4,EDU,DUE,Standard Grant,153600,inst_7a4f19da0a12,Vaughn College of Aeronautics and Technology,person_1cc868a5669c,1.0,1.0,1,implicit_mmr,1.0,1.0,1,1,1,1,1,1,1,1,train,train,train,test,test,train,1,0,0.34372565
3255,0227521,227521,cleaned_awards,2002,1,methodkg_v3_00129,ann_01301,projtxt_c0838aa7bb6e05cf,EDU,DRL,Standard Grant,179200,inst_2b970956401c,Black Hills Special Services Cooperative,person_09ae2f15a4c8,0.0,0.0,0,no_method_signal,0.0,0.0,0,0,0,0,3,0,0,0,train,train,validation,test,validation,train,0,0,0.43937913
3328,0230671,230671,cleaned_awards,2002,1,methodkg_v3_00139,ann_01685,projtxt_8adcc105c6d94eab,ENG,EEC,Standard Grant,134000,inst_c2074df59946,Rensselaer Polytechnic Institute,person_23bc4abcdecd,0.0,1.0,0,quant_only,0.0,1.0,1,0,1,0,5,0,1,1,train,train,train,test,train,test,1,0,0.40945286
3528,0227544,227544,cleaned_awards,2003,1,methodkg_v3_00130,ann_00849,projtxt_0fd537a2a778377b,ENG,EEC,Continuing Grant,"135900, 136000, 140200, 534500, 734700, 739600",inst_ffcec639ecfd,Johns Hopkins University,person_c8c5cde412c7,0.0,0.0,0,no_method_signal,0.0,0.0,0,0,0,0,3,0,0,0,train,train,train,test,train,test,0,0,0.34337196
3594,0230262,230262,cleaned_awards,2003,1,methodkg_v3_00136,ann_00374,projtxt_266758ec3c63098a,EDU,DUE,Standard Grant,179600,inst_034f39b50631,North Carolina State University,person_13bf90271524,0.0,1.0,0,multi_method_not_mmr,0.0,0.0,1,0,1,0,2,0,0,1,train,train,validation,test,train,train,1,0,0.39020273
4135,0311088,311088,cleaned_awards,2003,1,methodkg_v3_00163,ann_02157,projtxt_05b109c71b73f384,EDU,DUE,Standard Grant,742800,inst_466573ee49b2,Valparaiso University,person_8a905ce282cb,0.0,0.0,0,no_method_signal,0.0,0.0,0,0,0,0,3,0,0,0,test,train,train,test,train,train,0,0,0.3976962
4441,0332903,332903,cleaned_awards,2003,1,methodkg_v3_00177,ann_00018,projtxt_6feb330c1a60d5ae,EDU,EES,Continuing Grant,"913100, 154400",inst_44c1460daca9,University of California-Los Angeles,person_3187fa37920a,0.0,1.0,0,quant_only,0.0,1.0,1,0,1,0,5,0,1,1,train,train,test,test,train,train,1,1,0.5151531
4949,0346906,346906,cleaned_awards,2004,1,methodkg_v3_00201,ann_01157,projtxt_31aba193f3473f34,EDU,DRL,Continuing Grant,"166600, 762500",inst_034f39b50631,North Carolina State University,person_fd2d75877ab1,1.0,1.0,1,implicit_mmr,1.0,1.0,1,1,1,1,1,1,1,1,validation,train,train,test,train,train,1,1,0.5439185
5191,0410492,410492,cleaned_awards,2004,1,methodkg_v3_00218,ann_00570,projtxt_bc8a3b7369b2d9c0,EDU,DUE,Standard Grant,742800,inst_11cf5bf4165a,Lafayette College,person_fe58552da336,0.0,1.0,0,qual_only,1.0,0.0,1,0,1,0,4,1,0,1,validation,train,train,test,train,train,1,0,0.45570323
5194,0410516,410516,cleaned_awards,2004,1,methodkg_v3_00219,ann_01863,projtxt_4a1546162ded1db0,EDU,DUE,Standard Grant,742800,inst_6ba0d975277a,Middlesex County College,person_94f9c485be9b,0.0,0.0,0,no_method_signal,0.0,0.0,0,0,0,0,3,0,0,0,train,train,train,test,validation,train,0,0,0.42508808
5236,0410895,410895,cleaned_awards,2004,1,methodkg_v3_00224,ann_01486,projtxt_cc7e8a70fb97a135,EDU,DUE,Standard Grant,742800,inst_094bff5de7d3,University of Maine,person_5bd8d59f7dba,0.0,1.0,0,quant_only,0.0,1.0,1,0,1,0,5,0,1,1,validation,train,train,test,train,train,1,0,0.41813895
5294,0411406,411406,cleaned_awards,2004,1,methodkg_v3_00227,ann_00042,projtxt_e7ceee89d97f9f79,EDU,DRL,Standard Grant,166600,inst_179d12d7459c,Regents of the University of Michigan - Ann Arbor,person_8c161f9932fe,0.0,1.0,0,qual_only,1.0,0.0,1,0,1,0,4,1,0,1,train,train,train,test,train,train,1,1,0.5534573
5443,0422356,422356,cleaned_awards,2004,1,methodkg_v3_00236,ann_00874,projtxt_6b4f1519e650e661,EDU,DUE,Standard Grant,153600,inst_f34485718f3b,Calhoun Community College,person_61cbbea13bfc,0.0,0.0,0,no_method_signal,0.0,0.0,0,0,0,0,3,0,0,0,train,train,train,test,train,train,0,0,0.40106103
5659,0435464,435464,cleaned_awards,2004,1,methodkg_v3_00248,ann_02016,projtxt_094ebbf025512167,EDU,DUE,Standard Grant,744400,inst_e1681b170f90,McLean Media,person_4c1107839503,0.0,1.0,0,multi_method_not_mmr,0.0,0.0,1,0,1,0,2,0,0,1,train,train,test,test,test,train,1,0,0.46546355
5902,0438720,438720,cleaned_awards,2005,1,methodkg_v3_00251,ann_01949,projtxt_60954ee17715d7c0,EDU,DRL,Standard Grant,726100,inst_90d38e86aefe,American Indian Higher Education Consortium,person_12e31ac3a986,0.0,1.0,0,multi_method_not_mmr,1.0,1.0,1,0,1,0,2,1,1,1,validation,train,train,test,test,train,1,0,0.46710545
5903,0439049,439049,cleaned_awards,2005,1,methodkg_v3_00253,ann_00270,projtxt_efce93adabd27f98,EDU,DRL,Standard Grant,"420200, 725900",inst_4d8f5e449263,Massachusetts Institute of Technology,person_b9b3ca33f74c,0.0,1.0,0,multi_method_not_mmr,0.0,0.0,1,0,1,0,2,0,0,1,train,train,validation,test,train,train,1,0,0.44179624
5935,0440617,440617,cleaned_awards,2005,1,methodkg_v3_00255,ann_00337,projtxt_3166bb4f88d7362d,EDU,DGE,Continuing Grant,"136000, 717900",inst_c7dda2f8b75f,University of California-Berkeley,person_027bbb148de2,0.0,1.0,0,multi_method_not_mmr,0.0,0.0,1,0,1,0,2,0,0,1,validation,train,train,test,train,train,1,0,0.47221413
6043,0447878,447878,cleaned_awards,2005,1,methodkg_v3_00271,ann_00661,projtxt_e7f668be8a9c951d,EDU,DRL,Continuing Grant,166600,inst_71898bfdf3ea,Georgia Tech Research Corporation,person_58c378308e28,0.0,1.0,0,quant_only,0.0,1.0,1,0,1,0,5,0,1,1,train,train,train,test,train,train,1,1,0.55272263
6385,0514542,514542,cleaned_awards,2005,1,methodkg_v3_00303,ann_01057,projtxt_ae55b86236187209,EDU,DRL,Standard Grant,727100,inst_63f2cc8b9e9c,National Science Teaching Association,person_61277c255ca1,0.0,1.0,0,multi_method_not_mmr,0.0,0.0,1,0,1,0,2,0,0,1,test,train,validation,test,validation,train,1,0,0.46986046
6493,0528089,528089,cleaned_awards,2005,1,methodkg_v3_00312,ann_01808,projtxt_77036eb393d2779f,EDU,DUE,Standard Grant,159300,inst_9dca4326d0d5,Pennsylvania State Univ University Park,person_86c23fbd7299,0.0,1.0,0,multi_method_not_mmr,0.0,0.0,1,0,1,0,2,0,0,1,train,train,train,test,train,train,1,0,0.39929086
6497,0528305,528305,cleaned_awards,2005,1,methodkg_v3_00314,ann_01786,projtxt_d9f96c93c75b46cf,EDU,DUE,Standard Grant,159300,inst_8f7631d7da8f,University of Missouri-Columbia,person_fef98532ad31,0.0,0.0,0,no_method_signal,0.0,0.0,0,0,0,0,3,0,0,0,validation,train,train,test,train,train,0,0,0.35430428
6592,0532530,532530,cleaned_awards,2005,1,methodkg_v3_00317,ann_00735,projtxt_bc8a3b7369b2d9c0,EDU,DUE,Standard Grant,742800,inst_b4fb6b5c4cbe,University of Texas at Austin,person_fe58552da336,0.0,1.0,0,qual_only,1.0,0.0,1,0,1,0,4,1,0,1,validation,train,train,test,train,train,1,0,0.47664022
6890,0536839,536839,cleaned_awards,2006,1,methodkg_v3_00328,ann_01034,projtxt_c329544fd46b17bb,EDU,DUE,Standard Grant,"126000, 749400",inst_b4fb6b5c4cbe,University of Texas at Austin,person_b78037389c7e,0.0,0.0,0,no_method_signal,0.0,0.0,0,0,0,0,3,0,0,0,train,train,validation,test,train,train,0,0,0.4776161
6940,0540834,540834,cleaned_awards,2006,1,methodkg_v3_00334,ann_01984,projtxt_4974da27c3547370,ENG,EEC,Cooperative Agreement,"136000, 138500, 146800, 148000, 768000, 774100",inst_34c3f622d93b,University of Minnesota-Twin Cities,person_4a12055986b2,0.0,0.0,0,no_method_signal,0.0,0.0,0,0,0,0,3,0,0,0,train,train,train,test,train,test,0,0,0.41666436
7158,0603410,603410,cleaned_awards,2006,1,methodkg_v3_00345,ann_00239,projtxt_ee77e4c28290a433,EDU,DUE,Standard Grant,741200,inst_9449cea011d2,University of Hawaii,person_5dcacbc40df4,0.0,1.0,0,multi_method_not_mmr,0.0,0.0,1,0,1,0,2,0,0,1,train,train,test,test,train,train,1,0,0.4437866
7208,0610350,610350,cleaned_awards,2006,1,methodkg_v3_00350,ann_01453,projtxt_01eff742963c53e5,EDU,DRL,Continuing Grant,725900,inst_4d8f5e449263,Massachusetts Institute of Technology,person_c89fe4a2d612,0.0,1.0,0,multi_method_not_mmr,0.0,0.0,1,0,1,0,2,0,0,1,validation,train,train,test,train,train,1,0,0.43482548
7289,0618829,618829,cleaned_awards,2006,1,methodkg_v3_00355,ann_02086,projtxt_52518ca26da7bb27,EDU,DUE,Standard Grant,"749200, 153600",inst_d19178b037c0,Colorado State University,person_cf50c7d31cf5,0.0,1.0,0,quant_only,0.0,1.0,1,0,1,0,5,0,1,1,train,train,train,test,train,train,1,0,0.49706137
7744,0647452,647452,cleaned_awards,2006,1,methodkg_v3_00395,ann_02288,projtxt_ecb026426ffe5808,ENG,EEC,Cooperative Agreement,"114400, 167500, 763700, 770200",inst_0ad3f35ad0bc,William Marsh Rice University,person_9c1bec9b88f8,0.0,0.0,0,no_method_signal,0.0,0.0,0,0,0,0,3,0,0,0,train,train,train,test,train,test,0,0,0.28550735
7773,0710836,710836,cleaned_awards,2006,1,methodkg_v3_00407,ann_02337,projtxt_e7f668be8a9c951d,EDU,DRL,Continuing Grant,"166600, 762500",inst_82afa5a40cdc,University of Georgia Research Foundation Inc,person_58c378308e28,0.0,1.0,0,quant_only,0.0,1.0,1,0,1,0,5,0,1,1,train,train,train,test,train,train,1,1,0.53272706
7854,0630628,630628,cleaned_awards,2007,1,methodkg_v3_00375,ann_00177,projtxt_d1032ef7c4b25755,EDU,DUE,Standard Grant,153600,inst_cb0ada7177b2,Prince George's Community College,person_4ca389eb7115,1.0,1.0,1,implicit_mmr,1.0,1.0,1,1,1,1,1,1,1,1,train,train,train,test,test,train,1,0,0.41614893
8070,0633752,633752,cleaned_awards,2007,1,methodkg_v3_00384,ann_00815,projtxt_3421f65d97314abd,EDU,DUE,Standard Grant,"153600, 749400",inst_b1883f5890dc,Oregon State University,person_8b1b5413efd7,1.0,1.0,1,explicit_mmr,1.0,1.0,1,1,1,1,0,1,1,1,test,train,train,test,train,train,1,1,0.5000136
8076,0633953,633953,cleaned_awards,2007,1,methodkg_v3_00385,ann_00408,projtxt_99caa3cf64903a10,EDU,DRL,Continuing Grant,762500,inst_5411e6badda6,North Carolina Agricultural & Technical State University,person_66eed68facbe,0.0,1.0,0,qual_only,1.0,0.0,1,0,1,0,4,1,0,1,train,train,train,test,train,train,1,0,0.49990568
8083,0634103,634103,cleaned_awards,2007,1,methodkg_v3_00387,ann_01839,projtxt_1b806ab4de1e5883,EDU,DRL,Continuing Grant,762500,inst_83101c1f934e,Arizona State University,person_bb387d1bc298,0.0,1.0,0,quant_only,0.0,1.0,1,0,1,0,5,0,1,1,train,train,train,test,train,train,1,1,0.5478262
8262,0654305,654305,cleaned_awards,2007,1,methodkg_v3_00401,ann_01730,projtxt_ca0e261565194d1c,EDU,DGE,Continuing Grant,133500,inst_20147190a8e1,SUNY at Buffalo,person_ece7a659f88b,1.0,1.0,1,implicit_mmr,1.0,1.0,1,1,1,1,1,1,1,1,validation,train,train,test,train,train,1,0,0.44871846
8346,0703993,703993,cleaned_awards,2007,1,methodkg_v3_00405,ann_00532,projtxt_6fbc3df8aa450bfe,EDU,DRL,Standard Grant,762500,inst_819ede6198ac,SRI International,person_9ef7ece8c0d4,0.0,0.0,0,no_method_signal,0.0,0.0,0,0,0,0,3,0,0,0,train,train,train,test,train,train,0,0,0.48121777
8356,0711138,711138,cleaned_awards,2007,1,methodkg_v3_00408,ann_00571,projtxt_53c24d57fbfb59b9,EDU,DRL,Standard Grant,764600,inst_dd5d3b606065,University of Rochester,person_cadec3084b44,0.0,0.0,0,no_method_signal,0.0,0.0,0,0,0,0,3,0,0,0,validation,train,test,test,train,train,0,0,0.46782428
8393,0714976,714976,cleaned_awards,2007,1,methodkg_v3_00411,ann_01349,projtxt_60b479852c3ff6a2,EDU,EES,Standard Grant,159400,inst_930cfa84202e,HARRIS-STOWE STATE UNIVERSITY,person_84dd5a8b56fc,1.0,1.0,1,implicit_mmr,1.0,1.0,1,1,1,1,1,1,1,1,train,train,train,test,train,train,1,1,0.51320213
8419,0716592,716592,cleaned_awards,2007,1,methodkg_v3_00414,ann_00489,projtxt_e5a64d56f7e90a88,EDU,DUE,Standard Grant,"153600, 749200",inst_b83b063abcec,Cornell University,person_6e471dae7a3f,0.0,1.0,0,multi_method_not_mmr,0.0,0.0,1,0,1,0,2,0,0,1,test,train,train,test,train,train,1,0,0.43730125
8463,0717750,717750,cleaned_awards,2007,1,methodkg_v3_00416,ann_00586,projtxt_711ddfe0b7570c04,EDU,DUE,Standard Grant,"153600, 749200",inst_c0038ddb4126,Northeastern University,person_bc0d762189a8,0.0,1.0,0,quant_only,0.0,1.0,1,0,1,0,5,0,1,1,train,train,train,test,validation,train,1,0,0.4905274
8565,0727732,727732,cleaned_awards,2007,1,methodkg_v3_00425,ann_02437,projtxt_778ca2b824d11749,EDU,DUE,Standard Grant,153600,inst_a6e4bd3ff2f3,Edinboro University of Pennsylvania,person_c9e39f93dbdc,0.0,0.0,0,no_method_signal,0.0,0.0,0,0,0,0,3,0,0,0,train,train,train,test,train,train,0,0,0.370288
8639,0731984,731984,cleaned_awards,2007,1,methodkg_v3_00432,ann_01109,projtxt_06a9c53eeac52037,EDU,DRL,Standard Grant,725900,inst_1b44a2804553,"Fisher Television Productions, Inc.",person_22a5c1af6ab3,0.0,1.0,0,multi_method_not_mmr,0.0,0.0,1,0,1,0,2,0,0,1,test,train,train,test,validation,train,1,0,0.42297283
8666,0732793,732793,cleaned_awards,2007,1,methodkg_v3_00440,ann_00295,projtxt_db72dfb3fd84f0ab,EDU,DRL,Continuing Grant,"513000, 520800, 764500",inst_24ab5be90893,"The U.S. Satellite Laboratory, Inc.",person_0ac786a1a5da,0.0,0.0,0,no_method_signal,0.0,0.0,0,0,0,0,3,0,0,0,test,train,test,test,validation,train,0,0,0.45708433
8669,0732879,732879,cleaned_awards,2007,1,methodkg_v3_00441,ann_01916,projtxt_e083bf37c861c517,EDU,DRL,Continuing Grant,"513000, 725900",inst_e540e25dcb04,Geoff Haines-Stiles Productions,person_71e2598e094a,0.0,0.0,0,no_method_signal,0.0,0.0,0,0,0,0,3,0,0,0,validation,train,test,test,validation,train,0,0,0.41627935
8738,0733906,733906,cleaned_awards,2007,1,methodkg_v3_00446,ann_00760,projtxt_f3dfd23af3cf253f,ENG,EEC,Standard Grant,576100,inst_034f39b50631,North Carolina State University,person_4044d6c92f91,0.0,1.0,0,multi_method_not_mmr,0.0,0.0,1,0,1,0,2,0,0,1,test,train,train,test,train,test,1,0,0.38378108
8748,0733976,733976,cleaned_awards,2007,1,methodkg_v3_00447,ann_01847,projtxt_35ce3c446597f629,EDU,EES,Standard Grant,154400,inst_20147190a8e1,SUNY at Buffalo,person_6272dd9da07f,1.0,1.0,1,implicit_mmr,1.0,1.0,1,1,1,1,1,1,1,1,train,train,test,test,train,train,1,1,0.5468476
8749,0733978,733978,cleaned_awards,2007,1,methodkg_v3_00448,ann_00326,projtxt_f3dfd23af3cf253f,ENG,EEC,Standard Grant,576100,inst_0be73338af63,University of Florida,person_57cf9511b6c6,0.0,1.0,0,multi_method_not_mmr,0.0,0.0,1,0,1,0,2,0,0,1,test,train,train,test,train,test,1,0,0.36806
8834,0737623,737623,cleaned_awards,2007,1,methodkg_v3_00465,ann_00635,projtxt_eca07a047484d787,EDU,DRL,Standard Grant,722700,inst_47c16c90c83a,Bay Area Video Coalition,person_25f366cbdfb2,0.0,1.0,0,multi_method_not_mmr,0.0,0.0,1,0,1,0,2,0,0,1,train,train,train,test,train,train,1,0,0.4702464
8990,0728671,728671,cleaned_awards,2008,1,methodkg_v3_00429,ann_00240,projtxt_07fcc969502aaa77,EDU,DUE,Standard Grant,153600,inst_9dc2feca6eae,Loyola University of Chicago,person_ffc81f734666,0.0,1.0,0,quant_only,0.0,1.0,1,0,1,0,5,0,1,1,train,train,train,test,train,train,1,0,0.31938064
9118,0736976,736976,cleaned_awards,2008,1,methodkg_v3_00458,ann_00922,projtxt_529862d9c48c2aef,EDU,DUE,Standard Grant,"749400, 153600",inst_f46535a9d823,Minnesota State University Moorhead,person_f83cb772b563,0.0,1.0,0,qual_only,1.0,0.0,1,0,1,0,4,1,0,1,train,train,train,test,train,train,1,0,0.4984804
9179,0737263,737263,cleaned_awards,2008,1,methodkg_v3_00460,ann_02368,projtxt_5dd1f7d01bf57728,EDU,DUE,Standard Grant,"153600, 749400",inst_35ee9bfcd121,Texas A&M Engineering Experiment Station,person_df0fddad110c,0.0,1.0,0,quant_only,0.0,1.0,1,0,1,0,5,0,1,1,test,train,train,test,train,train,1,0,0.42801088
9216,0737455,737455,cleaned_awards,2008,1,methodkg_v3_00464,ann_01249,projtxt_fccc16ecc7891c55,EDU,DUE,Continuing Grant,749400,inst_a602b9b86fa7,Virginia Polytechnic Institute and State University,person_d579bbeffe72,0.0,1.0,0,quant_only,0.0,1.0,1,0,1,0,5,0,1,1,train,train,train,test,train,train,1,1,0.50088084
9314,0747803,747803,cleaned_awards,2008,1,methodkg_v3_00473,ann_00857,projtxt_bbd5c7dcfed168b8,ENG,EEC,Standard Grant,"749200, 762500, 134000",inst_b0164d46a195,Purdue University,person_8e96d761c1ce,1.0,1.0,1,explicit_mmr,1.0,1.0,1,1,1,1,0,1,1,1,train,train,train,test,train,test,1,1,0.5138154
9319,0753146,753146,cleaned_awards,2008,1,methodkg_v3_00474,ann_00010,projtxt_34dd5b2fa2e57592,EDU,DUE,Standard Grant,153600,inst_37513e57fe4b,Oregon Coast Community College,person_16a5752ef3bc,0.0,0.0,0,no_method_signal,0.0,0.0,0,0,0,0,3,0,0,0,validation,train,train,test,train,train,0,0,0.39065856
9514,0806748,806748,cleaned_awards,2008,1,methodkg_v3_00486,ann_01499,projtxt_811d2aa5963da671,EDU,DUE,Standard Grant,153600,inst_12dda80ab501,"Georgia State University Research Foundation, Inc.",person_b13cf5fb7796,0.0,1.0,0,qual_only,1.0,0.0,1,0,1,0,4,1,0,1,train,train,train,test,train,train,1,0,0.39946112
9522,0806831,806831,cleaned_awards,2008,1,methodkg_v3_00487,ann_01363,projtxt_c82a52ba48af3745,EDU,DUE,Standard Grant,153600,inst_b0164d46a195,Purdue University,person_2acb51fa2063,0.0,0.0,0,no_method_signal,0.0,0.0,0,0,0,0,3,0,0,0,train,train,train,test,train,train,0,0,0.3841661
9593,0808918,808918,cleaned_awards,2008,1,methodkg_v3_00491,ann_02081,projtxt_cdb0b4143c28d589,EDU,DUE,Standard Grant,749400,inst_85030fbe9d04,Ohio State University Research Foundation -DO NOT USE,person_5c0e85c3ea9e,0.0,1.0,0,quant_only,0.0,1.0,1,0,1,0,5,0,1,1,train,train,train,test,validation,train,1,0,0.45415625
9667,0813874,813874,cleaned_awards,2008,1,methodkg_v3_00495,ann_02439,projtxt_7f8d4b2f9dbd7cff,EDU,DRL,Standard Grant,725900,inst_e160b12a93ec,University of Washington,person_e655bddd807b,0.0,0.0,0,no_method_signal,0.0,0.0,0,0,0,0,3,0,0,0,train,train,train,test,train,train,0,0,0.41703135
9875,0822296,822296,cleaned_awards,2008,1,methodkg_v3_00511,ann_00129,projtxt_c3c435128eafe8bd,EDU,DRL,Continuing Grant,764500,inst_b0164d46a195,Purdue University,person_13ed9c0caeb6,0.0,1.0,0,multi_method_not_mmr,1.0,1.0,1,0,1,0,2,1,1,1,test,train,train,test,train,train,1,1,0.5780916
9978,0832420,832420,cleaned_awards,2008,1,methodkg_v3_00514,ann_02304,projtxt_6fc83ebf8563d3ff,ENG,EEC,Standard Grant,576100,inst_5db67abc7dc8,University of Louisiana at Lafayette,person_5044646ac45f,0.0,0.0,0,no_method_signal,0.0,0.0,0,0,0,0,3,0,0,0,test,train,train,test,train,test,0,0,0.4167485
10061,0833349,833349,cleaned_awards,2008,1,methodkg_v3_00522,ann_00483,projtxt_337b357844c6a7f6,EDU,DUE,Standard Grant,179500,inst_bab4842db386,California State University-Long Beach Foundation,person_495f75f8ee40,0.0,0.0,0,no_method_signal,0.0,0.0,0,0,0,0,3,0,0,0,test,train,train,test,train,train,0,0,0.41373128
10138,0837049,837049,cleaned_awards,2008,1,methodkg_v3_00538,ann_00720,projtxt_3789c760413e317b,EDU,DUE,Standard Grant,"153600, 749400",inst_4a5eb2c46a6a,James Madison University,person_4f9511521930,0.0,1.0,0,qual_only,1.0,0.0,1,0,1,0,4,1,0,1,train,train,train,test,train,train,1,0,0.47953194
10182,0840738,840738,cleaned_awards,2008,1,methodkg_v3_00548,ann_00749,projtxt_c381aaf32afc4b20,EDU,DUE,Standard Grant,744400,inst_a2192aeb28da,Exploratorium,person_5d9f0ce3c552,1.0,1.0,1,implicit_mmr,1.0,1.0,1,1,1,1,1,1,1,1,train,train,test,test,train,train,1,0,0.4732214
10184,0840745,840745,cleaned_awards,2008,1,methodkg_v3_00549,ann_02318,projtxt_c381aaf32afc4b20,EDU,DUE,Standard Grant,744400,inst_63ef75a85860,Utah State University,person_d04d773eea09,1.0,1.0,1,implicit_mmr,1.0,1.0,1,1,1,1,1,1,1,1,train,train,test,test,train,train,1,0,0.4874015
10242,0920837,920837,cleaned_awards,2008,1,methodkg_v3_00584,ann_01981,projtxt_35ce3c446597f629,EDU,EES,Standard Grant,154400,inst_0ad3f35ad0bc,William Marsh Rice University,person_6272dd9da07f,1.0,1.0,1,implicit_mmr,1.0,1.0,1,1,1,1,1,1,1,1,train,train,test,test,train,train,1,1,0.53914505
10245,0930978,930978,cleaned_awards,2008,1,methodkg_v3_00599,ann_01763,projtxt_529862d9c48c2aef,EDU,DUE,Standard Grant,"153600, 749400",inst_d19178b037c0,Colorado State University,person_f83cb772b563,0.0,1.0,0,qual_only,1.0,0.0,1,0,1,0,4,1,0,1,train,train,train,test,train,train,1,0,0.48682874
10261,0802428,802428,cleaned_awards,2009,1,methodkg_v3_00478,ann_00772,projtxt_192d18c74e239c7f,EDU,DUE,Standard Grant,741200,inst_63a1e5587559,Sinclair Community College,person_36b65bedd3af,0.0,0.0,0,no_method_signal,0.0,0.0,0,0,0,0,3,0,0,0,validation,train,test,test,validation,train,0,0,0.41520116
10382,0836028,836028,cleaned_awards,2009,1,methodkg_v3_00529,ann_00592,projtxt_2b1b3f534c7f3593,ENG,EEC,Standard Grant,134000,inst_5780001a5be5,Texas Tech University,person_2cf16b804bc4,0.0,1.0,0,quant_only,0.0,1.0,1,0,1,0,5,0,1,1,train,train,train,test,train,test,1,1,0.5032036
10474,0837280,837280,cleaned_awards,2009,1,methodkg_v3_00539,ann_00851,projtxt_29936ae7da003599,EDU,DUE,Standard Grant,"749400, 153600",inst_b0164d46a195,Purdue University,person_c0b49ae542cb,1.0,1.0,1,implicit_mmr,1.0,1.0,1,1,1,1,1,1,1,1,train,train,train,test,train,train,1,0,0.45439193
10672,0849944,849944,cleaned_awards,2009,1,methodkg_v3_00554,ann_02283,projtxt_ff7ade103cb21737,EDU,DUE,Standard Grant,153600,inst_c3e6ae5a6ecb,Georgetown College,person_71d71943841c,1.0,1.0,1,implicit_mmr,1.0,1.0,1,1,1,1,1,1,1,1,train,train,train,test,validation,train,1,0,0.3901695
10751,0851910,851910,cleaned_awards,2009,1,methodkg_v3_00557,ann_00289,projtxt_e6a18dfdf22cecdd,ENG,EEC,Continuing Grant,136000,inst_72c72a774380,University of South Florida,person_075c52e0c53b,0.0,0.0,0,no_method_signal,0.0,0.0,0,0,0,0,3,0,0,0,train,train,train,test,train,test,0,0,0.43586192
10819,0856704,856704,cleaned_awards,2009,1,methodkg_v3_00560,ann_01260,projtxt_b88b4720266cc0bf,EDU,DUE,Continuing Grant,179600,inst_72a62bc9c0b5,Dickinson College,person_59286ce37adc,0.0,0.0,0,no_method_signal,0.0,0.0,0,0,0,0,3,0,0,0,validation,train,validation,test,test,train,0,0,0.4194681
10875,0903234,903234,cleaned_awards,2009,1,methodkg_v3_00563,ann_02265,projtxt_16701315835a4719,EDU,DUE,Continuing Grant,741200,inst_a2f641492092,Mississippi State University,person_85ccffbd1ae8,0.0,0.0,0,no_method_signal,0.0,0.0,0,0,0,0,3,0,0,0,test,train,test,test,train,train,0,0,0.36987895
10945,0908810,908810,cleaned_awards,2009,1,methodkg_v3_00568,ann_02459,projtxt_7168c790716fda17,ENG,EEC,Standard Grant,135900,inst_43c4124caf4b,Michigan State University,person_6ae411ce53ce,0.0,0.0,0,no_method_signal,0.0,0.0,0,0,0,0,3,0,0,0,train,train,train,test,train,test,0,0,0.40919343
11102,0918955,918955,cleaned_awards,2009,1,methodkg_v3_00577,ann_00214,projtxt_ce8390e70534b780,EDU,DUE,Standard Grant,"132900, 153600, 749200",inst_772f5768cd28,North Dakota State University Fargo,person_01f9f9579acf,0.0,1.0,0,multi_method_not_mmr,0.0,0.0,1,0,1,0,2,0,0,1,train,train,train,test,train,train,1,0,0.45844835
11193,0926534,926534,cleaned_awards,2009,1,methodkg_v3_00586,ann_00394,projtxt_ed53c89c4bb42ce1,ENG,EEC,Standard Grant,774100,inst_e160b12a93ec,University of Washington,person_a1799bd81290,1.0,1.0,1,explicit_mmr,1.0,1.0,1,1,1,1,0,1,1,1,train,train,test,test,train,test,1,1,0.5133213
11605,0937824,937824,cleaned_awards,2009,1,methodkg_v3_00619,ann_00622,projtxt_f1c32a81eca79c20,EDU,DUE,Standard Grant,744400,inst_52a148e770d9,Pisgah Astronomical Research Institute,person_d12d81a191f9,0.0,0.0,0,no_method_signal,0.0,0.0,0,0,0,0,3,0,0,0,test,train,test,test,validation,train,0,0,0.4428016
11675,0942977,942977,cleaned_awards,2009,1,methodkg_v3_00634,ann_00527,projtxt_a9a09697f56ae760,EDU,DUE,Standard Grant,749400,inst_0cf19503ac99,University of Texas at El Paso,person_219abb58c948,0.0,1.0,0,multi_method_not_mmr,1.0,1.0,1,0,1,0,2,1,1,1,train,train,train,test,train,train,1,0,0.45438653
11820,1045039,1045039,cleaned_awards,2009,1,methodkg_v3_00700,ann_00563,projtxt_c381aaf32afc4b20,EDU,DUE,Standard Grant,744400,inst_c7dda2f8b75f,University of California-Berkeley,person_5d9f0ce3c552,1.0,1.0,1,implicit_mmr,1.0,1.0,1,1,1,1,1,1,1,1,train,train,test,test,train,train,1,0,0.4493207
11854,0936085,936085,cleaned_awards,2010,1,methodkg_v3_00612,ann_02058,projtxt_10135ef7f9d2994f,EDU,DRL,Standard Grant,725900,inst_1e2cd9399146,Gallaudet University,person_194a0a1eee00,1.0,1.0,1,explicit_mmr,1.0,1.0,1,1,1,1,0,1,1,1,train,train,train,test,train,train,1,0,0.48393676
11912,0941388,941388,cleaned_awards,2010,1,methodkg_v3_00623,ann_01171,projtxt_294678fa53b8c520,EDU,DUE,Standard Grant,"153600, 749400",inst_ebf08ad47c30,Cleveland State University,person_11e5372c018f,0.0,0.0,0,no_method_signal,0.0,0.0,0,0,0,0,3,0,0,0,validation,train,train,test,train,train,0,0,0.46749055
12003,0942330,942330,cleaned_awards,2010,1,methodkg_v3_00628,ann_02281,projtxt_676d03204b088d51,EDU,DUE,Standard Grant,"153600, 915000, 749400",inst_62343fc9b17a,University of Alabama Tuscaloosa,person_5cbc0ae80c22,0.0,0.0,0,no_method_signal,0.0,0.0,0,0,0,0,3,0,0,0,train,train,train,test,train,train,0,0,0.44525847
12021,0942448,942448,cleaned_awards,2010,1,methodkg_v3_00630,ann_00390,projtxt_c39d6097b75c3f70,EDU,DUE,Standard Grant,"749400, 153600",inst_d19178b037c0,Colorado State University,person_8e0cbec8e566,1.0,1.0,1,implicit_mmr,1.0,1.0,1,1,1,1,1,1,1,1,train,train,train,test,train,train,1,1,0.543501
12207,0966076,966076,cleaned_awards,2010,1,methodkg_v3_00646,ann_00391,projtxt_fd4c765060c3d730,EDU,DUE,Standard Grant,153600,inst_0bfe81c8b7f0,Marshall University Research Corporation,person_5eece68c27f3,0.0,1.0,0,quant_only,0.0,1.0,1,0,1,0,5,0,1,1,train,train,train,test,validation,train,1,0,0.38218254
12268,0967056,967056,cleaned_awards,2010,1,methodkg_v3_00647,ann_02279,projtxt_ae97dd0f58923a47,EDU,DUE,Standard Grant,179500,inst_49fa50096830,Michigan Technological University,person_f8c47dd79ade,0.0,1.0,0,quant_only,0.0,1.0,1,0,1,0,5,0,1,1,train,train,train,test,train,train,1,0,0.42546296
12508,1008660,1008660,cleaned_awards,2010,1,methodkg_v3_00657,ann_01694,projtxt_d29e43156cdc545d,EDU,EES,Standard Grant,769000,inst_39ca0208c569,Brunswick Community College,person_47636164b989,0.0,1.0,0,multi_method_not_mmr,0.0,0.0,1,0,1,0,2,0,0,1,train,train,test,test,validation,train,1,0,0.4684465
12883,1035061,1035061,cleaned_awards,2010,1,methodkg_v3_00677,ann_02488,projtxt_2a1e78a052a45bb4,ENG,EEC,Continuing Grant,576100,inst_65da3f92b2f3,Carnegie Mellon University,person_4b435c7737ab,0.0,1.0,0,multi_method_not_mmr,0.0,0.0,1,0,1,0,2,0,0,1,test,train,train,test,train,test,1,0,0.4389242
12920,1035462,1035462,cleaned_awards,2010,1,methodkg_v3_00678,ann_02339,projtxt_5b7b8cbe9d08212e,EDU,DUE,Standard Grant,179500,inst_7f09a225b761,University of Texas at Tyler,person_3490f8271af1,0.0,0.0,0,no_method_signal,0.0,0.0,0,0,0,0,3,0,0,0,train,train,train,test,train,train,0,0,0.39852312
12981,1036688,1036688,cleaned_awards,2010,1,methodkg_v3_00681,ann_01183,projtxt_e9a29156c0429e3c,EDU,EES,Standard Grant,154400,inst_be886d0c0a3b,University of Maryland Baltimore County,person_55eb253852f2,1.0,1.0,1,explicit_mmr,1.0,1.0,1,1,1,1,0,1,1,1,test,train,test,test,train,train,1,1,0.57243705
13302,1036706,1036706,cleaned_awards,2011,1,methodkg_v3_00682,ann_02102,projtxt_10dd833f230aebb9,EDU,EES,Standard Grant,154400,inst_49fa50096830,Michigan Technological University,person_f8c47dd79ade,0.0,1.0,0,quant_only,0.0,1.0,1,0,1,0,5,0,1,1,train,train,test,test,train,train,1,1,0.5384431
13303,1036715,1036715,cleaned_awards,2011,1,methodkg_v3_00683,ann_01596,projtxt_10dd833f230aebb9,EDU,EES,Standard Grant,154400,inst_9dca4326d0d5,Pennsylvania State Univ University Park,person_11ff0ffe7a1d,0.0,1.0,0,quant_only,0.0,1.0,1,0,1,0,5,0,1,1,train,train,test,test,train,train,1,1,0.5657903
13441,1044482,1044482,cleaned_awards,2011,1,methodkg_v3_00698,ann_00447,projtxt_a41afc7f7e5efdb6,EDU,DUE,Standard Grant,"153600, 751300",inst_4fb20960538b,University of Wyoming,person_6fc4f015853f,0.0,1.0,0,quant_only,0.0,1.0,1,0,1,0,5,0,1,1,test,train,train,test,train,train,1,0,0.49550924
13768,1104192,1104192,cleaned_awards,2011,1,methodkg_v3_00718,ann_01208,projtxt_b7f540d9dfaf8e7b,EDU,DUE,Standard Grant,741200,inst_9b0b07495db3,Whatcom Community College,person_31b0ad8bda5a,0.0,0.0,0,no_method_signal,0.0,0.0,0,0,0,0,3,0,0,0,train,train,test,test,train,train,0,0,0.4140508
13800,1104318,1104318,cleaned_awards,2011,1,methodkg_v3_00720,ann_00191,projtxt_4905925895844d00,EDU,DUE,Standard Grant,741200,inst_4cbf277252c3,University of New Mexico,person_16b36397faf6,0.0,0.0,0,no_method_signal,0.0,0.0,0,0,0,0,3,0,0,0,validation,train,test,test,test,train,0,0,0.40799192
13829,1109256,1109256,cleaned_awards,2011,1,methodkg_v3_00727,ann_00347,projtxt_1c8e81074c2ea3b1,EDU,DRL,Standard Grant,762500,inst_43c4124caf4b,Michigan State University,person_fd96f1b80d3f,1.0,1.0,1,explicit_mmr,1.0,1.0,1,1,1,1,0,1,1,1,test,train,train,test,train,train,1,1,0.5532523
14160,1135328,1135328,cleaned_awards,2011,1,methodkg_v3_00754,ann_00604,projtxt_38b93959aeab6f53,ENG,EEC,Standard Grant,"134000, 173300",inst_a602b9b86fa7,Virginia Polytechnic Institute and State University,person_2249a5ebde11,0.0,1.0,0,multi_method_not_mmr,0.0,0.0,1,0,1,0,2,0,0,1,train,train,train,test,train,test,1,1,0.5221616
14195,1136339,1136339,cleaned_awards,2011,1,methodkg_v3_00757,ann_01288,projtxt_ae97dd0f58923a47,EDU,DUE,Standard Grant,179500,inst_6ac86d4dddd5,"Higher Education Services, Inc.",person_f8c47dd79ade,0.0,1.0,0,quant_only,0.0,1.0,1,0,1,0,5,0,1,1,train,train,train,test,train,train,1,0,0.44376996
14212,1136416,1136416,cleaned_awards,2011,1,methodkg_v3_00758,ann_01233,projtxt_3bc5c9856418fd88,EDU,DUE,Standard Grant,179500,inst_642e376e4f1e,Stephen F. Austin State University,person_875c6ac89aeb,0.0,1.0,0,qual_only,1.0,0.0,1,0,1,0,4,1,0,1,train,train,train,test,validation,train,1,0,0.45460695
14412,1159252,1159252,cleaned_awards,2011,1,methodkg_v3_00793,ann_02257,projtxt_10dd833f230aebb9,EDU,EES,Standard Grant,154400,inst_573cd3940e58,"OHIO STATE UNIVERSITY, THE",person_f8c47dd79ade,0.0,1.0,0,quant_only,0.0,1.0,1,0,1,0,5,0,1,1,train,train,test,test,train,train,1,1,0.54572225
14418,1203234,1203234,cleaned_awards,2011,1,methodkg_v3_00796,ann_02411,projtxt_e9a29156c0429e3c,EDU,EES,Standard Grant,154400,inst_4c0918ef74d7,University of North Carolina at Chapel Hill,person_55eb253852f2,1.0,1.0,1,explicit_mmr,1.0,1.0,1,1,1,1,0,1,1,1,test,train,test,test,train,train,1,1,0.55353826
14436,1312562,1312562,cleaned_awards,2011,1,methodkg_v3_00901,ann_00926,projtxt_a41afc7f7e5efdb6,EDU,DUE,Standard Grant,"153600, 751300",inst_86a56d9eddfc,CAPITOL TECHNOLOGY UNIVERSITY,person_6fc4f015853f,0.0,1.0,0,quant_only,0.0,1.0,1,0,1,0,5,0,1,1,test,train,train,test,train,train,1,1,0.5086706
14474,1136079,1136079,cleaned_awards,2012,1,methodkg_v3_00755,ann_00738,projtxt_542ec3b1ba3c14f1,EDU,EES,Standard Grant,154400,inst_83101c1f934e,Arizona State University,person_8b98178a3774,1.0,1.0,1,explicit_mmr,1.0,1.0,1,1,1,1,0,1,1,1,train,train,test,test,train,train,1,1,0.55722785
14502,1139426,1139426,cleaned_awards,2012,1,methodkg_v3_00762,ann_00516,projtxt_8e64062ec45cef33,EDU,DRL,Continuing Grant,722700,inst_83101c1f934e,Arizona State University,person_8b98178a3774,1.0,1.0,1,explicit_mmr,1.0,1.0,1,1,1,1,0,1,1,1,train,train,train,test,train,train,1,1,0.5287829
14581,1140502,1140502,cleaned_awards,2012,1,methodkg_v3_00770,ann_01160,projtxt_5702aa601af169dc,EDU,DUE,Standard Grant,"751300, 153600",inst_ef0415b2bd8e,Northern Illinois University,person_28a3ed263eac,0.0,1.0,0,quant_only,0.0,1.0,1,0,1,0,5,0,1,1,test,train,train,test,validation,train,1,0,0.4803224
14628,1140763,1140763,cleaned_awards,2012,1,methodkg_v3_00774,ann_01550,projtxt_8d84f5f4afa5e7bb,EDU,DUE,Standard Grant,751300,inst_b0164d46a195,Purdue University,person_8e96d761c1ce,1.0,1.0,1,explicit_mmr,1.0,1.0,1,1,1,1,0,1,1,1,test,train,train,test,train,train,1,1,0.54053104
14664,1141022,1141022,cleaned_awards,2012,1,methodkg_v3_00775,ann_00050,projtxt_940dda2586807b7b,EDU,DUE,Standard Grant,"153600, 751300",inst_a756e8e278f2,Texas State University - San Marcos,person_536e40421b0e,0.0,0.0,0,no_method_signal,0.0,0.0,0,0,0,0,3,0,0,0,train,train,train,test,train,train,0,0,0.4298048
14828,1154659,1154659,cleaned_awards,2012,1,methodkg_v3_00790,ann_00473,projtxt_6770fa0f4f6bdc40,EDU,DUE,Continuing Grant,153600,inst_8b64da0918ed,Maricopa County Community College District,person_bf46c66b9a4c,0.0,0.0,0,no_method_signal,0.0,0.0,0,0,0,0,3,0,0,0,test,train,train,test,train,train,0,0,0.39727393
14976,1204904,1204904,cleaned_awards,2012,1,methodkg_v3_00798,ann_00472,projtxt_5d337042b2f073a2,EDU,DUE,Standard Grant,741200,inst_9449cea011d2,University of Hawaii,person_0e5a915c1fb3,0.0,1.0,0,quant_only,0.0,1.0,1,0,1,0,5,0,1,1,test,train,test,test,train,train,1,0,0.45919785
15006,1205077,1205077,cleaned_awards,2012,1,methodkg_v3_00800,ann_01749,projtxt_1b9be87151fc6948,EDU,DUE,Continuing Grant,"153600, 741200",inst_017034bb817c,Collin County Community College,person_45b9d50a1961,1.0,1.0,1,implicit_mmr,1.0,1.0,1,1,1,1,1,1,1,1,train,train,train,test,train,train,1,0,0.3935463
15020,1205273,1205273,cleaned_awards,2012,1,methodkg_v3_00801,ann_01830,projtxt_fc953c611c161304,EDU,DRL,Standard Grant,762500,inst_1af48b1011e3,Trustees of Boston University,person_db0f3208e4f8,0.0,1.0,0,quant_only,0.0,1.0,1,0,1,0,5,0,1,1,train,train,train,test,train,train,1,1,0.51093876
15073,1220666,1220666,cleaned_awards,2012,1,methodkg_v3_00806,ann_00147,projtxt_ee155fca090524ab,EDU,DRL,Continuing Grant,764500,inst_80895c928afc,Stanford University,person_d916f95f09c1,0.0,1.0,0,qual_only,1.0,0.0,1,0,1,0,4,1,0,1,train,train,train,test,train,train,1,1,0.5589983
15310,1237992,1237992,cleaned_awards,2012,1,methodkg_v3_00827,ann_00354,projtxt_c563c9db7acf05ef,EDU,DRL,Continuing Grant,"005Y00, 179200",inst_ffcec639ecfd,Johns Hopkins University,person_4328ef221b57,0.0,1.0,0,multi_method_not_mmr,0.0,0.0,1,0,1,0,2,0,0,1,train,train,train,test,train,train,1,1,0.5049797
15418,1239910,1239910,cleaned_awards,2012,1,methodkg_v3_00839,ann_00414,projtxt_fb3e960cd1802e8a,EDU,DUE,Standard Grant,179500,inst_0cf19503ac99,University of Texas at El Paso,person_c0a80c8c40db,0.0,0.0,0,no_method_signal,0.0,0.0,0,0,0,0,3,0,0,0,train,train,train,test,train,train,0,0,0.47393703
15523,1242075,1242075,cleaned_awards,2012,1,methodkg_v3_00848,ann_02173,projtxt_455afd307b7b7be6,ENG,EEC,Standard Grant,721900,inst_20261daaec23,University of Pittsburgh,person_7c2fb7fa9937,0.0,1.0,0,quant_only,0.0,1.0,1,0,1,0,5,0,1,1,train,train,train,test,train,test,1,0,0.43872672
15590,1249423,1249423,cleaned_awards,2012,1,methodkg_v3_00867,ann_00878,projtxt_59037df25b1b7654,EDU,EES,Continuing Grant,174400,inst_49a475b821c9,Salish Kootenai College,person_435068a8fe31,1.0,1.0,1,explicit_mmr,1.0,1.0,1,1,1,1,0,1,1,1,train,train,train,test,train,train,1,0,0.49563026
15689,1154222,1154222,cleaned_awards,2013,1,methodkg_v3_00787,ann_00675,projtxt_26a55e31fd3544e9,EDU,DUE,Standard Grant,153600,inst_bb6a72646e24,Goshen College,person_8a8b9d94e256,0.0,1.0,0,quant_only,0.0,1.0,1,0,1,0,5,0,1,1,train,train,train,test,train,train,1,0,0.42389998
15795,1245393,1245393,cleaned_awards,2013,1,methodkg_v3_00858,ann_00970,projtxt_19d447693d3132eb,EDU,DUE,Standard Grant,"153600, 199800, 751300",inst_dbfcb6ea2920,Middle Tennessee State University,person_371a7e08c09a,0.0,1.0,0,quant_only,0.0,1.0,1,0,1,0,5,0,1,1,test,train,train,test,train,train,1,1,0.54046464
15820,1245530,1245530,cleaned_awards,2013,1,methodkg_v3_00859,ann_00520,projtxt_a39ce485da2c8cb8,EDU,DUE,Standard Grant,"153600, 751300",inst_c66b5c65b8cc,SUNY College at Old Westbury,person_511666455e26,0.0,1.0,0,multi_method_not_mmr,0.0,0.0,1,0,1,0,2,0,0,1,train,train,train,test,train,train,1,0,0.4544643
15950,1252508,1252508,cleaned_awards,2013,1,methodkg_v3_00874,ann_01503,projtxt_d86b162a7951afef,EDU,DRL,Standard Grant,762500,inst_4e731c3d9e8c,University of California-Davis,person_366ffab0e332,0.0,1.0,0,quant_only,0.0,1.0,1,0,1,0,5,0,1,1,test,train,train,test,train,train,1,1,0.54780173
16131,1301502,1301502,cleaned_awards,2013,1,methodkg_v3_00890,ann_01932,projtxt_9b10f4e5bb94ed63,ENG,EEC,Standard Grant,"135900, 136000, 148000",inst_5d349b6edec7,University of Southern California,person_6bf0435faf2a,0.0,0.0,0,no_method_signal,0.0,0.0,0,0,0,0,3,0,0,0,train,train,train,test,train,test,0,0,0.4558764
16365,1321216,1321216,cleaned_awards,2013,1,methodkg_v3_00908,ann_01777,projtxt_efe819f62b52298b,EDU,DRL,Continuing Grant,"179200, 751100, 764500, 005Y00",inst_74cc8026e7cb,Education Development Center,person_a7b8cf36baa2,1.0,1.0,1,explicit_mmr,1.0,1.0,1,1,1,1,0,1,1,1,train,train,validation,test,train,train,1,1,0.56294
16434,1323221,1323221,cleaned_awards,2013,1,methodkg_v3_00920,ann_02302,projtxt_e8165daa4c1f3f52,EDU,DRL,Standard Grant,725900,inst_b83b063abcec,Cornell University,person_9b6c3bf6fb27,1.0,1.0,1,explicit_mmr,1.0,1.0,1,1,1,1,0,1,1,1,train,train,train,test,train,train,1,1,0.5842082
16441,1323275,1323275,cleaned_awards,2013,1,methodkg_v3_00921,ann_02301,projtxt_d99eb9e30a288a59,EDU,DUE,Standard Grant,"751100, 153600",inst_72c72a774380,University of South Florida,person_c101a42de1c5,0.0,1.0,0,quant_only,0.0,1.0,1,0,1,0,5,0,1,1,train,train,train,test,train,train,1,0,0.48872235
16507,1329225,1329225,cleaned_awards,2013,1,methodkg_v3_00925,ann_00365,projtxt_cbe041f655012f1d,ENG,EEC,Standard Grant,134000,inst_b0164d46a195,Purdue University,person_73dd2b0ad95e,1.0,1.0,1,explicit_mmr,1.0,1.0,1,1,1,1,0,1,1,1,train,train,train,test,train,test,1,1,0.5677647
16663,1342379,1342379,cleaned_awards,2013,1,methodkg_v3_00938,ann_00221,projtxt_6a0e11cfcb135745,ENG,EEC,Standard Grant,"768000, 915000",inst_399cb57ef8fa,University of South Carolina at Columbia,person_e2d181a04d87,0.0,1.0,0,quant_only,0.0,1.0,1,0,1,0,5,0,1,1,train,train,train,test,train,test,1,0,0.47957698
16884,1347822,1347822,cleaned_awards,2014,1,methodkg_v3_00944,ann_01328,projtxt_e1dc38915f4be737,EDU,DUE,Standard Grant,153600,inst_69c414883c52,California State University-Fresno Foundation,person_971ac5fddd2c,0.0,1.0,0,quant_only,0.0,1.0,1,0,1,0,5,0,1,1,train,train,train,test,train,train,1,0,0.47052136
17002,1356735,1356735,cleaned_awards,2014,1,methodkg_v3_00957,ann_01948,projtxt_53bcf606eeeef7ec,EDU,DUE,Standard Grant,153600,inst_39292b8a7c4e,University of Texas at Arlington,person_697a233c69ee,1.0,1.0,1,implicit_mmr,1.0,1.0,1,1,1,1,1,1,1,1,train,train,train,test,train,train,1,0,0.41931283
17045,1361107,1361107,cleaned_awards,2014,1,methodkg_v3_00962,ann_01519,projtxt_631fb9c8e5ff2b8a,ENG,EEC,Standard Grant,134000,inst_b1883f5890dc,Oregon State University,person_eeb900329162,0.0,1.0,0,qual_only,1.0,0.0,1,0,1,0,4,1,0,1,train,train,train,test,train,test,1,1,0.5768065
17205,1407212,1407212,cleaned_awards,2014,1,methodkg_v3_00970,ann_02461,projtxt_34f8ebde8a088016,EDU,DUE,Standard Grant,741200,inst_14f0f913bc7b,Foundation for California Community Colleges,person_b1ac65baa3ec,0.0,0.0,0,no_method_signal,0.0,0.0,0,0,0,0,3,0,0,0,train,train,test,test,train,train,0,0,0.42789024
17488,1432085,1432085,cleaned_awards,2014,1,methodkg_v3_00992,ann_00559,projtxt_d65a3bd96e3c0b4f,EDU,DUE,Standard Grant,199800,inst_72c72a774380,University of South Florida,person_281cdcaa3818,1.0,1.0,1,implicit_mmr,1.0,1.0,1,1,1,1,1,1,1,1,train,train,train,test,train,train,1,1,0.54982066
17590,1433851,1433851,cleaned_awards,2014,1,methodkg_v3_01004,ann_00083,projtxt_b2d4903cb74136c5,EDU,DRL,Standard Grant,722700,inst_8c3445962396,CSU Fullerton Auxiliary Services Corporation,person_0ab07655eb68,0.0,0.0,0,no_method_signal,0.0,0.0,0,0,0,0,3,0,0,0,train,train,train,test,train,train,0,1,0.5480621
17601,1436120,1436120,cleaned_awards,2014,1,methodkg_v3_01007,ann_01451,projtxt_f260e212056ff65f,EDU,EES,Standard Grant,"159400, 125300",inst_d22d7ed53192,Fayetteville State University,person_b280e295f62d,0.0,1.0,0,multi_method_not_mmr,0.0,0.0,1,0,1,0,2,0,0,1,test,train,train,test,train,train,1,0,0.47001153
17673,1439704,1439704,cleaned_awards,2014,1,methodkg_v3_01014,ann_00995,projtxt_681946a620dd75b6,ENG,EEC,Standard Grant,134000,inst_6a88287d2028,South Dakota School of Mines and Technology,person_9c43a2783519,0.0,1.0,0,qual_only,1.0,0.0,1,0,1,0,4,1,0,1,train,train,train,test,train,test,1,1,0.5262216
17726,1440869,1440869,cleaned_awards,2014,1,methodkg_v3_01019,ann_01809,projtxt_e8e1118060572353,EDU,DRL,Standard Grant,"005Y00, 769900, 722700",inst_3975d9f568d2,Pace University New York Campus,person_aef8f9f52aa9,1.0,1.0,1,explicit_mmr,1.0,1.0,1,1,1,1,0,1,1,1,train,train,train,test,train,train,1,1,0.51951236
17867,1451491,1451491,cleaned_awards,2014,1,methodkg_v3_01026,ann_01380,projtxt_8adec206631ab12a,EDU,DUE,Standard Grant,199800,inst_65da3f92b2f3,Carnegie Mellon University,person_c55c0fde71cd,0.0,1.0,0,multi_method_not_mmr,1.0,1.0,1,0,1,0,2,1,1,1,train,train,train,test,train,train,1,1,0.5318227
17995,1437514,1437514,cleaned_awards,2015,1,methodkg_v3_01008,ann_02400,projtxt_2d8f017c3803a8b9,EDU,DGE,Standard Grant,"166800, 741200",inst_9449cea011d2,University of Hawaii,person_0e5a915c1fb3,1.0,1.0,1,implicit_mmr,1.0,1.0,1,1,1,1,1,1,1,1,test,train,train,test,train,train,1,0,0.46422246
18074,1458093,1458093,cleaned_awards,2015,1,methodkg_v3_01030,ann_01150,projtxt_64ac99eccbb92432,EDU,DUE,Standard Grant,153600,inst_0056f5ca1809,Montgomery College,person_6a4d408d23e9,1.0,1.0,1,implicit_mmr,1.0,1.0,1,1,1,1,1,1,1,1,train,train,train,test,validation,train,1,0,0.46486005
18205,1463829,1463829,cleaned_awards,2015,1,methodkg_v3_01040,ann_01055,projtxt_9916e74f2f4fbed7,ENG,EEC,Standard Grant,134000,inst_82afa5a40cdc,University of Georgia Research Foundation Inc,person_dd849b64a60e,0.0,1.0,0,qual_only,1.0,0.0,1,0,1,0,4,1,0,1,train,train,train,test,train,test,1,1,0.6198488
18313,1501883,1501883,cleaned_awards,2015,1,methodkg_v3_01048,ann_00771,projtxt_9b3291359f2e6a8c,EDU,DUE,Standard Grant,"741200, 153600",inst_9dca4326d0d5,Pennsylvania State Univ University Park,person_129ef4f4a050,1.0,1.0,1,implicit_mmr,1.0,1.0,1,1,1,1,1,1,1,1,validation,train,test,test,train,train,1,0,0.49576226
18365,1503399,1503399,cleaned_awards,2015,1,methodkg_v3_01057,ann_02008,projtxt_cca42b4f798108c6,EDU,DRL,Continuing Grant,764500,inst_b416a3f933ef,University of Colorado at Boulder,person_c025366b8e4d,1.0,1.0,1,implicit_mmr,1.0,1.0,1,1,1,1,1,1,1,1,train,train,train,test,train,train,1,1,0.5965677
18396,1503980,1503980,cleaned_awards,2015,1,methodkg_v3_01062,ann_01575,projtxt_9a62358f7e7de678,EDU,DUE,Standard Grant,199800,inst_85a1ca0d3611,Wellesley College,person_e823c62a084b,0.0,1.0,0,multi_method_not_mmr,1.0,1.0,1,0,1,0,2,1,1,1,train,train,train,test,train,train,1,1,0.54408544
18401,1504055,1504055,cleaned_awards,2015,1,methodkg_v3_01063,ann_02047,projtxt_9a62358f7e7de678,EDU,DUE,Standard Grant,"199800, 798000, 153600",inst_72c72a774380,University of South Florida,person_281cdcaa3818,0.0,1.0,0,multi_method_not_mmr,1.0,1.0,1,0,1,0,2,1,1,1,train,train,train,test,train,train,1,1,0.5591705
18404,1504293,1504293,cleaned_awards,2015,1,methodkg_v3_01064,ann_01071,projtxt_517f23fc7343262d,EDU,DUE,Standard Grant,"199800, 153600",inst_71898bfdf3ea,Georgia Tech Research Corporation,person_82398dbb71c5,1.0,1.0,1,implicit_mmr,1.0,1.0,1,1,1,1,1,1,1,1,validation,train,train,test,train,train,1,1,0.54223424
18498,1505322,1505322,cleaned_awards,2015,1,methodkg_v3_01073,ann_00753,projtxt_2732d38a813e2a4e,EDU,DUE,Standard Grant,"153600, 199800",inst_95ef410579c8,The University of Central Florida Board of Trustees,person_4a1ad9da7c11,0.0,1.0,0,multi_method_not_mmr,1.0,1.0,1,0,1,0,2,1,1,1,train,train,train,test,train,train,1,1,0.57397836
18648,1524814,1524814,cleaned_awards,2015,1,methodkg_v3_01085,ann_02329,projtxt_143e79dadc9a66e3,EDU,DUE,Standard Grant,199800,inst_34c3f622d93b,University of Minnesota-Twin Cities,person_08e8a2971d87,0.0,1.0,0,quant_only,0.0,1.0,1,0,1,0,5,0,1,1,validation,train,train,test,train,train,1,1,0.5835886
18660,1524967,1524967,cleaned_awards,2015,1,methodkg_v3_01086,ann_00785,projtxt_143e79dadc9a66e3,EDU,DUE,Standard Grant,"153600, 199800",inst_179d12d7459c,Regents of the University of Michigan - Ann Arbor,person_3adc848f731c,0.0,1.0,0,quant_only,0.0,1.0,1,0,1,0,5,0,1,1,validation,train,train,test,train,train,1,1,0.5795042
18679,1525131,1525131,cleaned_awards,2015,1,methodkg_v3_01088,ann_00882,projtxt_00602cab49a2ed15,EDU,DUE,Continuing Grant,199800,inst_c81eaba1c647,Miami University,person_20b0ff6c46a0,1.0,1.0,1,explicit_mmr,1.0,1.0,1,1,1,1,0,1,1,1,train,train,train,test,train,train,1,1,0.53291225
18693,1525331,1525331,cleaned_awards,2015,1,methodkg_v3_01090,ann_02243,projtxt_c27746812365b103,EDU,DUE,Standard Grant,199800,inst_b416a3f933ef,University of Colorado at Boulder,person_50a20660d6be,0.0,1.0,0,qual_only,1.0,0.0,1,0,1,0,4,1,0,1,train,train,train,test,train,train,1,1,0.55426
18696,1525345,1525345,cleaned_awards,2015,1,methodkg_v3_01091,ann_02482,projtxt_c27746812365b103,EDU,DUE,Standard Grant,"153600, 199800",inst_6a1cca18f0db,University of Texas at San Antonio,person_3b5d774ec488,0.0,1.0,0,qual_only,1.0,0.0,1,0,1,0,4,1,0,1,train,train,train,test,train,train,1,1,0.5412607
18704,1525490,1525490,cleaned_awards,2015,1,methodkg_v3_01093,ann_00169,projtxt_f17fc5da99823d35,EDU,DUE,Standard Grant,"199800, 153600",inst_0a71d23d09c8,Saint Edward's University,person_652e2a7a646b,0.0,0.0,0,no_method_signal,0.0,0.0,0,0,0,0,3,0,0,0,validation,train,train,test,train,train,0,1,0.53240234
18716,1525602,1525602,cleaned_awards,2015,1,methodkg_v3_01095,ann_01695,projtxt_143e79dadc9a66e3,EDU,DUE,Standard Grant,199800,inst_4edf61b18a4d,Duke University,person_8c43a4cbc49d,0.0,1.0,0,quant_only,0.0,1.0,1,0,1,0,5,0,1,1,validation,train,train,test,train,train,1,1,0.5870126
18724,1525775,1525775,cleaned_awards,2015,1,methodkg_v3_01097,ann_01884,projtxt_c27746812365b103,EDU,DUE,Standard Grant,"199800, 153600",inst_3750f3c669a0,University of Kansas Center for Research Inc,person_baca2cba05e3,0.0,1.0,0,qual_only,1.0,0.0,1,0,1,0,4,1,0,1,train,train,train,test,train,train,1,1,0.53870904
18740,1531375,1531375,cleaned_awards,2015,1,methodkg_v3_01103,ann_00256,projtxt_7db0817bce37ca09,ENG,EEC,Standard Grant,134000,inst_a756e8e278f2,Texas State University - San Marcos,person_f6626d790738,1.0,1.0,1,implicit_mmr,1.0,1.0,1,1,1,1,1,1,1,1,train,train,train,test,train,test,1,1,0.56010103
18770,1533670,1533670,cleaned_awards,2015,1,methodkg_v3_01109,ann_01337,projtxt_0d7b01d7524b3acc,EDU,EES,Standard Grant,159400,inst_2bccfa6dcae3,Tougaloo College,person_a8a2c9ac3a9d,0.0,1.0,0,quant_only,0.0,1.0,1,0,1,0,5,0,1,1,train,train,train,test,train,train,1,0,0.45611343
18794,1535219,1535219,cleaned_awards,2015,1,methodkg_v3_01110,ann_01971,projtxt_e3d9ed50b13d2b2e,EDU,DGE,Standard Grant,"179500, 798000",inst_7770b7baafc1,CUNY Brooklyn College,person_726991333d39,1.0,1.0,1,implicit_mmr,1.0,1.0,1,1,1,1,1,1,1,1,train,train,train,test,train,train,1,1,0.57276124
18796,1535251,1535251,cleaned_awards,2015,1,methodkg_v3_01112,ann_00139,projtxt_e3d9ed50b13d2b2e,EDU,DGE,Standard Grant,"798000, 179500",inst_5ff81eb2dada,"University of Maryland, College Park",person_517408c64935,1.0,1.0,1,implicit_mmr,1.0,1.0,1,1,1,1,1,1,1,1,train,train,train,test,train,train,1,1,0.5965294
18886,1540786,1540786,cleaned_awards,2015,1,methodkg_v3_01121,ann_01404,projtxt_5f265c5211102f85,EDU,DUE,Standard Grant,179500,inst_5411e6badda6,North Carolina Agricultural & Technical State University,person_3fe33025f587,0.0,1.0,0,multi_method_not_mmr,1.0,1.0,1,0,1,0,2,1,1,1,train,train,train,test,train,train,1,0,0.49615008
18924,1543062,1543062,cleaned_awards,2015,1,methodkg_v3_01122,ann_01509,projtxt_af3dc6394a9fc9b5,EDU,DRL,Standard Grant,"798000, 005Y00",inst_819ede6198ac,SRI International,person_afe7f6a71811,1.0,1.0,1,implicit_mmr,1.0,1.0,1,1,1,1,1,1,1,1,test,train,train,test,train,train,1,1,0.6214076
19490,1601043,1601043,cleaned_awards,2016,1,methodkg_v3_01162,ann_00691,projtxt_f62c08a8a2bfc63e,EDU,DUE,Standard Grant,741200,inst_e94ca839f06e,Northeast Iowa Community College,person_95bc44764c6b,0.0,0.0,0,no_method_signal,0.0,0.0,0,0,0,0,3,0,0,0,train,train,test,test,train,train,0,0,0.436753
19601,1611220,1611220,cleaned_awards,2016,1,methodkg_v3_01172,ann_02356,projtxt_43df50ac30d94bf4,EDU,DUE,Standard Grant,199800,inst_b48147997c2e,University of Northern Colorado,person_b13e18bdabcd,0.0,1.0,0,multi_method_not_mmr,1.0,1.0,1,0,1,0,2,1,1,1,train,train,train,test,train,train,1,1,0.597701
19604,1611519,1611519,cleaned_awards,2016,1,methodkg_v3_01173,ann_00817,projtxt_43df50ac30d94bf4,EDU,DUE,Standard Grant,199800,inst_308ba6656f87,Portland State University,person_50a611a30b43,0.0,1.0,0,multi_method_not_mmr,1.0,1.0,1,0,1,0,2,1,1,1,train,train,train,test,train,train,1,1,0.6079783
19681,1612530,1612530,cleaned_awards,2016,1,methodkg_v3_01182,ann_02052,projtxt_ba9d383452ed49d3,EDU,EES,Standard Grant,913300,inst_d2b442f8f9c5,University of Wisconsin-Madison,person_cac428c8a812,0.0,0.0,0,no_method_signal,0.0,0.0,0,0,0,0,3,0,0,0,test,train,train,test,train,train,0,0,0.49098077
19811,1621333,1621333,cleaned_awards,2016,1,methodkg_v3_01194,ann_00913,projtxt_a30d51b30c3426c5,EDU,DRL,Continuing Grant,"798000, 764500, 725900",inst_d9d4da6a6156,University of Pennsylvania,person_780953f255a5,1.0,1.0,1,explicit_mmr,1.0,1.0,1,1,1,1,0,1,1,1,train,train,train,test,train,train,1,1,0.61234325
19855,1623237,1623237,cleaned_awards,2016,1,methodkg_v3_01200,ann_00140,projtxt_fb6330ce1dd9a94f,EDU,EES,Standard Grant,159400,inst_93ce25583517,Tuskegee University,person_27dbf7d226aa,1.0,1.0,1,explicit_mmr,1.0,1.0,1,1,1,1,0,1,1,1,train,train,train,test,validation,train,1,1,0.56885654
20142,1640054,1640054,cleaned_awards,2016,1,methodkg_v3_01234,ann_02423,projtxt_a5dd02285138bb10,EDU,DRL,Standard Grant,005Y00,inst_fadb19741170,Concord Consortium,person_5d9f0ce3c552,1.0,1.0,1,explicit_mmr,1.0,1.0,1,1,1,1,0,1,1,1,train,train,train,test,train,train,1,1,0.5841889
20292,1647273,1647273,cleaned_awards,2016,1,methodkg_v3_01252,ann_02127,projtxt_c2efa591b47dbabd,EDU,EES,Continuing Grant,151500,inst_c7dda2f8b75f,University of California-Berkeley,person_29c817a67834,1.0,1.0,1,implicit_mmr,1.0,1.0,1,1,1,1,1,1,1,1,train,train,train,test,train,train,1,1,0.53752476
20446,1639891,1639891,cleaned_awards,2017,1,methodkg_v3_01231,ann_01282,projtxt_1cbc3ebbe2248101,EDU,DRL,Standard Grant,005Y00,inst_5ff81eb2dada,"University of Maryland, College Park",person_72b674271d93,1.0,1.0,1,explicit_mmr,1.0,1.0,1,1,1,1,0,1,1,1,train,validation,train,test,train,train,1,1,0.5834288
20545,1650541,1650541,cleaned_awards,2017,1,methodkg_v3_01256,ann_02252,projtxt_ec945049f57234e1,ENG,EEC,Standard Grant,576100,inst_573cd3940e58,"OHIO STATE UNIVERSITY, THE",person_de726a54b027,0.0,1.0,0,multi_method_not_mmr,0.0,0.0,1,0,1,0,2,0,0,1,validation,validation,train,test,train,test,1,1,0.51743937
20604,1659495,1659495,cleaned_awards,2017,1,methodkg_v3_01264,ann_01406,projtxt_eca4956e41988e48,ENG,EEC,Standard Grant,136000,inst_a602b9b86fa7,Virginia Polytechnic Institute and State University,person_2249a5ebde11,0.0,0.0,0,no_method_signal,0.0,0.0,0,0,0,0,3,0,0,0,train,validation,train,test,train,test,0,0,0.47647813
20684,1660759,1660759,cleaned_awards,2017,1,methodkg_v3_01267,ann_01492,projtxt_80028822079cbed1,EDU,DUE,Standard Grant,179500,inst_f8654c246334,Fontbonne University,person_4f21ceef8db5,0.0,0.0,0,no_method_signal,0.0,0.0,0,0,0,0,3,0,0,0,train,validation,train,test,train,train,0,0,0.46686405
20787,1664269,1664269,cleaned_awards,2017,1,methodkg_v3_01276,ann_00009,projtxt_a76ca5c7beeccdb9,ENG,EEC,Standard Grant,134000,inst_b5129f608f81,"Teachers College, Columbia University",person_c6dbcd34d20b,1.0,1.0,1,explicit_mmr,1.0,1.0,1,1,1,1,0,1,1,1,test,validation,train,test,train,test,1,1,0.65743905
20806,1700339,1700339,cleaned_awards,2017,1,methodkg_v3_01282,ann_00599,projtxt_5cb5ea83493e263d,EDU,EES,Standard Grant,159400,inst_5d051270707f,Albany State University,person_2e6d173ca490,0.0,1.0,0,multi_method_not_mmr,0.0,0.0,1,0,1,0,2,0,0,1,test,validation,train,test,train,train,1,0,0.4889776
20833,1700552,1700552,cleaned_awards,2017,1,methodkg_v3_01288,ann_01304,projtxt_e872752ba6060f76,EDU,DUE,Standard Grant,741200,inst_960d34bcd9ea,Palomar College,person_c9e2e849af47,0.0,0.0,0,no_method_signal,0.0,0.0,0,0,0,0,3,0,0,0,validation,validation,test,test,train,train,0,0,0.4284432
21039,1712619,1712619,cleaned_awards,2017,1,methodkg_v3_01302,ann_02401,projtxt_2a3af95cb2639bfe,EDU,EES,Standard Grant,913300,inst_34c3f622d93b,University of Minnesota-Twin Cities,person_00c7ddff0a7c,1.0,1.0,1,explicit_mmr,1.0,1.0,1,1,1,1,0,1,1,1,train,validation,train,test,train,train,1,0,0.48521748
21099,1717082,1717082,cleaned_awards,2017,1,methodkg_v3_01318,ann_01954,projtxt_6522201c0a8f507e,EDU,EES,Standard Grant,159400,inst_3e1d2c23b98f,University of the District of Columbia,person_7dc53c02c4fb,1.0,1.0,1,explicit_mmr,1.0,1.0,1,1,1,1,0,1,1,1,validation,validation,train,test,train,train,1,1,0.527184
21137,1719872,1719872,cleaned_awards,2017,1,methodkg_v3_01320,ann_00135,projtxt_8088c7349e2bdc74,EDU,DRL,Standard Grant,764500,inst_d5de597fc461,Columbia University,person_6b203b45adba,1.0,1.0,1,implicit_mmr,1.0,1.0,1,1,1,1,1,1,1,1,train,test,train,test,train,train,1,1,0.6131589
21158,1720838,1720838,cleaned_awards,2017,1,methodkg_v3_01322,ann_01757,projtxt_8088c7349e2bdc74,EDU,DRL,Standard Grant,764500,inst_f27e0292a56f,University of Nebraska-Lincoln,person_11fafa6ebd91,1.0,1.0,1,implicit_mmr,1.0,1.0,1,1,1,1,1,1,1,1,train,test,train,test,train,train,1,1,0.62699306
21221,1723610,1723610,cleaned_awards,2017,1,methodkg_v3_01331,ann_00963,projtxt_6cbb6dc77c9c26d8,EDU,DRL,Standard Grant,722700,inst_6759b56a8812,Digital Harbor Foundation,person_2caf543d5b88,0.0,0.0,0,no_method_signal,0.0,0.0,0,0,0,0,3,0,0,0,train,validation,train,test,validation,train,0,1,0.56884325
21529,1742207,1742207,cleaned_awards,2017,1,methodkg_v3_01362,ann_00877,projtxt_9a1e51a0a620160e,EDU,DUE,Standard Grant,153600,inst_cd60f3e1a2a3,Virginia Union University,person_844170d2f2ae,1.0,1.0,1,implicit_mmr,1.0,1.0,1,1,1,1,1,1,1,1,train,validation,train,test,test,train,1,1,0.5210934
21925,1758243,1758243,cleaned_awards,2018,1,methodkg_v3_01383,ann_02406,projtxt_71f37b7c912d6c04,EDU,DUE,Continuing Grant,179500,inst_dd5d3b606065,University of Rochester,person_d143f3bdd1ed,0.0,1.0,0,multi_method_not_mmr,0.0,0.0,1,0,1,0,2,0,0,1,train,validation,train,test,train,train,1,1,0.5073234
22069,1761185,1761185,cleaned_awards,2018,1,methodkg_v3_01396,ann_00198,projtxt_ac6d9d8ee72d576d,EDU,DUE,Continuing Grant,798000,inst_b416a3f933ef,University of Colorado at Boulder,person_e20867200ae5,1.0,1.0,1,explicit_mmr,1.0,1.0,1,1,1,1,0,1,1,1,train,validation,train,test,train,train,1,1,0.619789
22108,1800589,1800589,cleaned_awards,2018,1,methodkg_v3_01400,ann_00087,projtxt_c4c68b9bec6559d5,EDU,DUE,Standard Grant,"166800, 741200",inst_9b0b07495db3,Whatcom Community College,person_31b0ad8bda5a,0.0,0.0,0,no_method_signal,0.0,0.0,0,0,0,0,3,0,0,0,train,validation,train,test,train,train,0,0,0.43154204
22256,1811119,1811119,cleaned_awards,2018,1,methodkg_v3_01412,ann_00609,projtxt_d3ae3a8e6d1aafc2,EDU,DRL,Continuing Grant,725900,inst_573cd3940e58,"OHIO STATE UNIVERSITY, THE",person_52df5eec71f9,1.0,1.0,1,explicit_mmr,1.0,1.0,1,1,1,1,0,1,1,1,train,validation,train,test,train,train,1,1,0.62851834
22289,1812576,1812576,cleaned_awards,2018,1,methodkg_v3_01416,ann_01737,projtxt_aaf379f4ce88e276,EDU,DRL,Continuing Grant,764500,inst_ddf261b3e44a,University of Iowa,person_94987b67c641,1.0,1.0,1,explicit_mmr,1.0,1.0,1,1,1,1,0,1,1,1,validation,validation,train,test,train,train,1,1,0.6340935
22403,1820573,1820573,cleaned_awards,2018,1,methodkg_v3_01425,ann_02322,projtxt_8b07ca85617f928b,EDU,DGE,Standard Grant,166800,inst_b0164d46a195,Purdue University,person_4054edcc47cc,0.0,1.0,0,multi_method_not_mmr,0.0,0.0,1,0,1,0,2,0,0,1,train,validation,train,test,train,train,1,0,0.47833902
22405,1820608,1820608,cleaned_awards,2018,1,methodkg_v3_01426,ann_02096,projtxt_8b07ca85617f928b,EDU,DGE,Standard Grant,166800,inst_c53261c1ff99,University of Illinois at Urbana-Champaign,person_1afbc35aa827,0.0,1.0,0,multi_method_not_mmr,0.0,0.0,1,0,1,0,2,0,0,1,train,validation,train,test,train,train,1,0,0.4653593
22533,1821866,1821866,cleaned_awards,2018,1,methodkg_v3_01434,ann_02388,projtxt_05b4f9c523e0517e,EDU,DUE,Standard Grant,199800,inst_573cd3940e58,"OHIO STATE UNIVERSITY, THE",person_8b377243efb5,1.0,1.0,1,explicit_mmr,1.0,1.0,1,1,1,1,0,1,1,1,test,validation,train,test,train,train,1,1,0.59959835
22534,1821868,1821868,cleaned_awards,2018,1,methodkg_v3_01435,ann_00833,projtxt_05b4f9c523e0517e,EDU,DUE,Standard Grant,199800,inst_82afa5a40cdc,University of Georgia Research Foundation Inc,person_dd849b64a60e,1.0,1.0,1,explicit_mmr,1.0,1.0,1,1,1,1,0,1,1,1,test,validation,train,test,train,train,1,1,0.5970688
22616,1826181,1826181,cleaned_awards,2018,1,methodkg_v3_01443,ann_00900,projtxt_e0bae38a362778da,ENG,EEC,Standard Grant,134000,inst_827aebf62392,Auburn University,person_063bba91603f,1.0,1.0,1,explicit_mmr,1.0,1.0,1,1,1,1,0,1,1,1,train,validation,train,test,train,test,1,1,0.5966918
22645,1827037,1827037,cleaned_awards,2018,1,methodkg_v3_01449,ann_01209,projtxt_074c437747efa0a2,EDU,EES,Standard Grant,913100,inst_af982e47d168,Henshaw Jacob D,person_93ebf3049080,0.0,1.0,0,multi_method_not_mmr,0.0,0.0,1,0,1,0,2,0,0,1,test,validation,test,test,test,train,1,0,0.4761017
22731,1832464,1832464,cleaned_awards,2018,1,methodkg_v3_01459,ann_00093,projtxt_69f9e924ebe984cf,EDU,DUE,Standard Grant,077Y00,inst_4f001a4c52bb,St Peter's University,person_37e417d2bca6,1.0,1.0,1,implicit_mmr,1.0,1.0,1,1,1,1,1,1,1,1,train,validation,train,test,train,train,1,1,0.5886353
22758,1833610,1833610,cleaned_awards,2018,1,methodkg_v3_01465,ann_00960,projtxt_a7173ea6a34338e8,EDU,DUE,Standard Grant,153600,inst_560235f7023f,College of Mount Saint Vincent,person_6737454a699f,1.0,1.0,1,explicit_mmr,1.0,1.0,1,1,1,1,0,1,1,1,validation,validation,train,test,train,train,1,1,0.53596854
22822,1835851,1835851,cleaned_awards,2018,1,methodkg_v3_01477,ann_01891,projtxt_05646edd55e3f613,EDU,DRL,Standard Grant,798000,inst_f2d985cb9104,Virginia State University,person_822cbca38bb5,1.0,1.0,1,explicit_mmr,1.0,1.0,1,1,1,1,0,1,1,1,train,validation,train,test,train,train,1,1,0.60719824
22968,1841450,1841450,cleaned_awards,2018,1,methodkg_v3_01487,ann_00668,projtxt_9e60c3267f34f1de,ENG,EEC,Standard Grant,576100,inst_20261daaec23,University of Pittsburgh,person_7c2fb7fa9937,0.0,1.0,0,quant_only,0.0,1.0,1,0,1,0,5,0,1,1,train,validation,train,test,train,test,1,1,0.51081455
23066,1849849,1849849,cleaned_awards,2018,1,methodkg_v3_01496,ann_01590,projtxt_6e04f0464602959e,EDU,DRL,Standard Grant,722700,inst_b1f124b0f6e1,East Stroudsburg University of Pennsylvania,person_8a03025d290a,1.0,1.0,1,explicit_mmr,1.0,1.0,1,1,1,1,0,1,1,1,train,validation,train,test,test,train,1,1,0.5963184
23317,1852161,1852161,cleaned_awards,2019,1,methodkg_v3_01501,ann_02152,projtxt_d0c14c03fff4c0da,ENG,EEC,Standard Grant,136000,inst_62343fc9b17a,University of Alabama Tuscaloosa,person_8dd31773cef6,0.0,1.0,0,multi_method_not_mmr,1.0,1.0,1,0,1,0,2,1,1,1,train,validation,train,test,train,test,1,1,0.5290963
23417,1855435,1855435,cleaned_awards,2019,1,methodkg_v3_01506,ann_01402,projtxt_074e96fa37eec664,EDU,DUE,Standard Grant,199800,inst_84f36e8ab7d6,Gordon Research Conferences,person_dbd5f06f1226,0.0,1.0,0,quant_only,0.0,1.0,1,0,1,0,5,0,1,1,train,validation,train,test,train,train,1,1,0.53939676
23477,1901877,1901877,cleaned_awards,2019,1,methodkg_v3_01513,ann_00864,projtxt_a07a64082ea8ac43,EDU,DUE,Standard Grant,741200,inst_55b1eaaba751,Phillips Community College of the University of Arkansas,person_b14b72fc5a75,0.0,1.0,0,multi_method_not_mmr,0.0,0.0,1,0,1,0,2,0,0,1,test,validation,test,test,test,train,1,0,0.4573413
23519,1902473,1902473,cleaned_awards,2019,1,methodkg_v3_01516,ann_02119,projtxt_e1b0ddfc1238f1d2,EDU,DUE,Standard Grant,741200,inst_7ef12c39e094,Saint Paul College-A community & Technical College,person_867944fe56b4,1.0,1.0,1,explicit_mmr,1.0,1.0,1,1,1,1,0,1,1,1,test,validation,test,test,train,train,1,0,0.4560013
23574,1906490,1906490,cleaned_awards,2019,1,methodkg_v3_01525,ann_00774,projtxt_24cfa288f1f94a29,EDU,DRL,Continuing Grant,725900,inst_819ede6198ac,SRI International,person_afe7f6a71811,1.0,1.0,1,explicit_mmr,1.0,1.0,1,1,1,1,0,1,1,1,train,validation,train,test,train,train,1,1,0.64208364
23604,1906854,1906854,cleaned_awards,2019,1,methodkg_v3_01532,ann_00605,projtxt_c57d2419eff4f9e8,EDU,DRL,Standard Grant,725900,inst_d2b442f8f9c5,University of Wisconsin-Madison,person_0391254db681,1.0,1.0,1,explicit_mmr,1.0,1.0,1,1,1,1,0,1,1,1,validation,validation,train,test,train,train,1,1,0.6439464
23606,1906873,1906873,cleaned_awards,2019,1,methodkg_v3_01533,ann_01152,projtxt_8b28da3b07bf3c39,EDU,DRL,Continuing Grant,725900,inst_c53261c1ff99,University of Illinois at Urbana-Champaign,person_3a390593c495,0.0,1.0,0,qual_only,1.0,0.0,1,0,1,0,4,1,0,1,train,validation,train,test,train,train,1,1,0.6164933
23704,1912205,1912205,cleaned_awards,2019,1,methodkg_v3_01545,ann_02186,projtxt_cf6c2d44751c401a,EDU,EES,Standard Grant,159400,inst_3e1d2c23b98f,University of the District of Columbia,person_7dc53c02c4fb,1.0,1.0,1,explicit_mmr,1.0,1.0,1,1,1,1,0,1,1,1,train,validation,train,test,train,train,1,1,0.5593076
23708,1912284,1912284,cleaned_awards,2019,1,methodkg_v3_01546,ann_01600,projtxt_2774f32ed4206fd5,EDU,EES,Standard Grant,159400,inst_0bb7eb551145,South Carolina State University,person_4a1af8002bcc,0.0,1.0,0,multi_method_not_mmr,0.0,0.0,1,0,1,0,2,0,0,1,train,validation,train,test,train,train,1,0,0.4512681
23914,1920753,1920753,cleaned_awards,2019,1,methodkg_v3_01566,ann_00369,projtxt_0240ff43f165b15f,EDU,EES,Continuing Grant,798000,inst_733a346578b8,Iowa State University,person_850344394ae9,0.0,1.0,0,multi_method_not_mmr,1.0,1.0,1,0,1,0,2,1,1,1,train,test,train,test,train,train,1,1,0.58668476
23940,1922477,1922477,cleaned_awards,2019,1,methodkg_v3_01569,ann_00340,projtxt_f33e055f1e48fecf,ENG,EEC,Standard Grant,"164200, 576100",inst_0be73338af63,University of Florida,person_f5266e424cd7,0.0,0.0,0,no_method_signal,0.0,0.0,0,0,0,0,3,0,0,0,validation,validation,train,test,train,test,0,1,0.51355475
23981,1924673,1924673,cleaned_awards,2019,1,methodkg_v3_01572,ann_01856,projtxt_c4482ae2f91abc47,ENG,EEC,Standard Grant,134000,inst_b819e4709a20,Carleton College,person_8691fbc4bf92,0.0,0.0,0,no_method_signal,0.0,0.0,0,0,0,0,3,0,0,0,train,validation,train,test,train,test,0,1,0.5082284
24007,1927268,1927268,cleaned_awards,2019,1,methodkg_v3_01576,ann_01559,projtxt_9e0243bc6214becb,ENG,EEC,Standard Grant,134000,inst_4eebb6036442,Rowan University,person_dc6a0079a5d4,1.0,1.0,1,explicit_mmr,1.0,1.0,1,1,1,1,0,1,1,1,train,validation,train,test,train,test,1,1,0.6355614
24188,1936070,1936070,cleaned_awards,2019,1,methodkg_v3_01601,ann_02039,projtxt_6ff4baf5c6f79d00,EDU,EES,Standard Grant,016Y00,inst_48d494c92bb8,Willamette University,person_0c97d0fa25c5,1.0,1.0,1,implicit_mmr,1.0,1.0,1,1,1,1,1,1,1,1,train,test,train,test,train,train,1,1,0.5336895
24266,1937778,1937778,cleaned_awards,2019,1,methodkg_v3_01611,ann_02175,projtxt_b22ca8311c280a6f,EDU,DGE,Standard Grant,"798000, 162Y00",inst_4e731c3d9e8c,University of California-Davis,person_f3bfd438e2a7,1.0,1.0,1,explicit_mmr,1.0,1.0,1,1,1,1,0,1,1,1,validation,validation,train,test,train,train,1,1,0.60558945
24373,2021452,2021452,cleaned_awards,2019,1,methodkg_v3_01699,ann_01460,projtxt_a76ca5c7beeccdb9,ENG,EEC,Standard Grant,134000,inst_c1e0aa4e5100,Barnard College,person_c6dbcd34d20b,1.0,1.0,1,explicit_mmr,1.0,1.0,1,1,1,1,0,1,1,1,test,validation,train,test,train,test,1,1,0.602896
24437,1930373,1930373,cleaned_awards,2020,1,methodkg_v3_01585,ann_01390,projtxt_3297f30107628541,EDU,DUE,Standard Grant,153600,inst_814a6b7a8685,San Francisco State University,person_6950be95e29f,1.0,1.0,1,explicit_mmr,1.0,1.0,1,1,1,1,0,1,1,1,train,test,train,test,train,train,1,1,0.52695876
24441,1930419,1930419,cleaned_awards,2020,1,methodkg_v3_01587,ann_00997,projtxt_3297f30107628541,EDU,DUE,Standard Grant,153600,inst_919210155adf,"Cal Poly Pomona Foundation, Inc.",person_b60e9287782d,1.0,1.0,1,explicit_mmr,1.0,1.0,1,1,1,1,0,1,1,1,train,test,train,test,train,train,1,1,0.5360946
24445,1930497,1930497,cleaned_awards,2020,1,methodkg_v3_01590,ann_00200,projtxt_72730f2dbe5e6fed,EDU,DUE,Standard Grant,153600,inst_88ae86ca7699,East Carolina University,person_a76b4bfcaf3f,1.0,1.0,1,implicit_mmr,1.0,1.0,1,1,1,1,1,1,1,1,train,test,train,test,train,train,1,1,0.56031567
24453,1930553,1930553,cleaned_awards,2020,1,methodkg_v3_01593,ann_02040,projtxt_3297f30107628541,EDU,DUE,Standard Grant,153600,inst_69c414883c52,California State University-Fresno Foundation,person_74cb9f3198f4,1.0,1.0,1,explicit_mmr,1.0,1.0,1,1,1,1,0,1,1,1,train,test,train,test,train,train,1,1,0.5273813
24536,1943285,1943285,cleaned_awards,2020,1,methodkg_v3_01618,ann_00613,projtxt_7139c2f38e0485f8,EDU,EES,Continuing Grant,798000,inst_12dda80ab501,"Georgia State University Research Foundation, Inc.",person_05bc5f0caca3,1.0,1.0,1,explicit_mmr,1.0,1.0,1,1,1,1,0,1,1,1,test,test,train,test,train,train,1,1,0.56611323
24542,1943934,1943934,cleaned_awards,2020,1,methodkg_v3_01620,ann_01433,projtxt_778ea6497fc9bc51,ENG,EEC,Continuing Grant,768000,inst_573cd3940e58,"OHIO STATE UNIVERSITY, THE",person_eaf14d1d4b27,0.0,1.0,0,qual_only,1.0,0.0,1,0,1,0,4,1,0,1,train,test,train,test,train,test,1,1,0.631772
24583,1949454,1949454,cleaned_awards,2020,1,methodkg_v3_01627,ann_01214,projtxt_3c0da319bbf85654,EDU,DRL,Standard Grant,722700,inst_034f39b50631,North Carolina State University,person_72ccfdcf93b9,1.0,1.0,1,explicit_mmr,1.0,1.0,1,1,1,1,0,1,1,1,train,test,train,test,train,train,1,1,0.6217126
24595,1949585,1949585,cleaned_awards,2020,1,methodkg_v3_01628,ann_00333,projtxt_8ad9ba0fcf7f8329,EDU,DRL,Standard Grant,722700,inst_3261d3fa4bd8,University of Nevada Las Vegas,person_6a8fcbb0a215,1.0,1.0,1,explicit_mmr,1.0,1.0,1,1,1,1,0,1,1,1,train,test,train,test,train,train,1,1,0.60387415
24624,1950064,1950064,cleaned_awards,2020,1,methodkg_v3_01633,ann_02130,projtxt_c85bb658c0286871,EDU,DUE,Standard Grant,179500,inst_12dda80ab501,"Georgia State University Research Foundation, Inc.",person_cd5bc2f3091b,1.0,1.0,1,explicit_mmr,1.0,1.0,1,1,1,1,0,1,1,1,train,test,train,test,train,train,1,1,0.53116757
24733,1953640,1953640,cleaned_awards,2020,1,methodkg_v3_01641,ann_02026,projtxt_74622fc86a95a642,EDU,DUE,Continuing Grant,077Y00,inst_3292ef17dbaf,"Sistema Universitario Ana G. Mendez, Incorporado",person_353af426066e,1.0,1.0,1,explicit_mmr,1.0,1.0,1,1,1,1,0,1,1,1,train,test,train,test,train,train,1,1,0.56643677
24841,2000487,2000487,cleaned_awards,2020,1,methodkg_v3_01651,ann_00904,projtxt_c397cb243aa09775,EDU,DRL,Continuing Grant,798000,inst_6a07d6410cb6,University of Virginia Main Campus,person_e731a43f00d0,0.0,1.0,0,multi_method_not_mmr,1.0,1.0,1,0,1,0,2,1,1,1,train,test,train,test,train,train,1,1,0.6388978
24850,2000535,2000535,cleaned_awards,2020,1,methodkg_v3_01652,ann_01508,projtxt_b4fd403b3ee2f755,EDU,DUE,Standard Grant,741200,inst_1094b5c2dfc6,Columbus State Community College,person_0d862fd76565,0.0,1.0,0,quant_only,0.0,1.0,1,0,1,0,5,0,1,1,train,test,test,test,train,train,1,0,0.48954448
24911,2000847,2000847,cleaned_awards,2020,1,methodkg_v3_01661,ann_02271,projtxt_1843f25f9fa00a82,EDU,DGE,Standard Grant,798000,inst_82afa5a40cdc,University of Georgia Research Foundation Inc,person_415a1ec2a09c,1.0,1.0,1,explicit_mmr,1.0,1.0,1,1,1,1,0,1,1,1,train,test,train,test,train,train,1,1,0.6297105
24946,2005608,2005608,cleaned_awards,2020,1,methodkg_v3_01667,ann_01351,projtxt_c11ee3f35a918c20,EDU,DRL,Standard Grant,725900,inst_f521fe97089d,Pratt Institute,person_de1be93aed76,1.0,1.0,1,implicit_mmr,1.0,1.0,1,1,1,1,1,1,1,1,train,test,train,test,validation,train,1,1,0.6640359
24963,2005812,2005812,cleaned_awards,2020,1,methodkg_v3_01668,ann_00647,projtxt_b95b6cfe68b34891,EDU,DRL,Standard Grant,725900,inst_179d12d7459c,Regents of the University of Michigan - Ann Arbor,person_5ac6d202609c,1.0,1.0,1,implicit_mmr,1.0,1.0,1,1,1,1,1,1,1,1,train,test,train,test,train,train,1,1,0.63950425
25012,2010124,2010124,cleaned_awards,2020,1,methodkg_v3_01677,ann_01324,projtxt_b0253048c82c9b45,EDU,EES,Continuing Grant,913300,inst_5411e6badda6,North Carolina Agricultural & Technical State University,person_1650e1ace1e9,1.0,1.0,1,explicit_mmr,1.0,1.0,1,1,1,1,0,1,1,1,train,test,train,test,train,train,1,0,0.49739867
25179,2013484,2013484,cleaned_awards,2020,1,methodkg_v3_01687,ann_00415,projtxt_5b928720de054206,EDU,DUE,Standard Grant,199800,inst_5780001a5be5,Texas Tech University,person_18bd5dc2fd68,0.0,1.0,0,quant_only,0.0,1.0,1,0,1,0,5,0,1,1,train,test,train,test,train,train,1,1,0.55753815
25289,2021315,2021315,cleaned_awards,2020,1,methodkg_v3_01697,ann_01591,projtxt_05d46ffd3235e167,EDU,DUE,Standard Grant,199800,inst_60be7d1748a0,University of Nebraska at Omaha,person_6414e4a2b82e,1.0,1.0,1,implicit_mmr,1.0,1.0,1,1,1,1,1,1,1,1,train,test,train,test,train,train,1,1,0.62110907
25311,2021499,2021499,cleaned_awards,2020,1,methodkg_v3_01700,ann_01442,projtxt_11ff25a3e026dd9e,EDU,DUE,Standard Grant,199800,inst_c53261c1ff99,University of Illinois at Urbana-Champaign,person_1aee54ed9d79,0.0,1.0,0,qual_only,1.0,0.0,1,0,1,0,4,1,0,1,test,test,train,test,train,train,1,1,0.5970293
25398,2025805,2025805,cleaned_awards,2020,1,methodkg_v3_01714,ann_00364,projtxt_a1dd20a6546cdbde,EDU,DUE,Standard Grant,103Y00,inst_179d12d7459c,Regents of the University of Michigan - Ann Arbor,person_d777400927f0,0.0,1.0,0,quant_only,0.0,1.0,1,0,1,0,5,0,1,1,train,test,train,test,train,train,1,1,0.58875775
25416,2027506,2027506,cleaned_awards,2020,1,methodkg_v3_01716,ann_01017,projtxt_d2c2518effb60533,EDU,DUE,Standard Grant,199800,inst_9dca4326d0d5,Pennsylvania State Univ University Park,person_2f1a529e7ba9,1.0,1.0,1,explicit_mmr,1.0,1.0,1,1,1,1,0,1,1,1,train,test,train,test,train,train,1,1,0.6230171
25474,2030313,2030313,cleaned_awards,2020,1,methodkg_v3_01729,ann_01762,projtxt_c260f54edfa3aeea,EDU,DGE,Standard Grant,199700,inst_bbd0f175293f,Montana State University,person_6602d5a09ab8,1.0,1.0,1,explicit_mmr,1.0,1.0,1,1,1,1,0,1,1,1,train,test,train,test,train,train,1,1,0.5693934
25544,2032226,2032226,cleaned_awards,2020,1,methodkg_v3_01736,ann_00362,projtxt_a8ac78bda88a933f,EDU,DRL,Standard Grant,722700,inst_f665dc269fb4,University of Oregon Eugene,person_7b350ebf24b6,0.0,1.0,0,qual_only,1.0,0.0,1,0,1,0,4,1,0,1,train,test,train,test,train,train,1,1,0.61144704
25585,2037403,2037403,cleaned_awards,2020,1,methodkg_v3_01743,ann_02072,projtxt_6660b04cadc1652e,EDU,DUE,Standard Grant,741200,inst_4d9208063228,Eastern Iowa Community College,person_5642772113ec,0.0,1.0,0,multi_method_not_mmr,0.0,0.0,1,0,1,0,2,0,0,1,train,test,test,test,train,train,1,0,0.49499962
25643,2040795,2040795,cleaned_awards,2020,1,methodkg_v3_01748,ann_02192,projtxt_41ca7e3bca25e83a,EDU,EES,Standard Grant,032Y00,inst_dabd757ebd98,College of William & Mary Virginia Institute of Marine Science,person_066ac67a1240,0.0,1.0,0,quant_only,0.0,1.0,1,0,1,0,5,0,1,1,train,test,validation,test,train,train,1,1,0.5490458
25716,2003126,2003126,cleaned_awards,2021,1,methodkg_v3_01665,ann_02022,projtxt_a165f390e89cfe84,EDU,DRL,Standard Grant,722700,inst_83101c1f934e,Arizona State University,person_d274d17cb5e5,1.0,1.0,1,explicit_mmr,1.0,1.0,1,1,1,1,0,1,1,1,train,test,train,test,train,train,1,1,0.6013067
25777,2030297,2030297,cleaned_awards,2021,1,methodkg_v3_01728,ann_00514,projtxt_107809376b881e76,EDU,DUE,Standard Grant,153600,inst_7bbc251ba4cc,University of Arkansas,person_a42999085f3d,1.0,1.0,1,explicit_mmr,1.0,1.0,1,1,1,1,0,1,1,1,train,test,train,test,train,train,1,1,0.54024184
26043,2050619,2050619,cleaned_awards,2021,1,methodkg_v3_01768,ann_00845,projtxt_1f30b70c3608c43d,EDU,DUE,Continuing Grant,179500,inst_20147190a8e1,SUNY at Buffalo,person_4caa73a5704d,1.0,1.0,1,implicit_mmr,1.0,1.0,1,1,1,1,1,1,1,1,test,test,train,test,train,train,1,1,0.5523017
26184,2055597,2055597,cleaned_awards,2021,1,methodkg_v3_01783,ann_00237,projtxt_a1c4736254463bc0,EDU,DRL,Continuing Grant,"134Y00, 798000",inst_f28353b444e4,Vanderbilt University,person_7dfa2f45233d,1.0,1.0,1,explicit_mmr,1.0,1.0,1,1,1,1,0,1,1,1,train,test,train,test,train,train,1,1,0.64530253
26186,2055609,2055609,cleaned_awards,2021,1,methodkg_v3_01784,ann_01543,projtxt_a1c4736254463bc0,EDU,DRL,Continuing Grant,"134Y00, 798000",inst_819ede6198ac,SRI International,person_2e80f11dce14,1.0,1.0,1,explicit_mmr,1.0,1.0,1,1,1,1,0,1,1,1,train,test,train,test,train,train,1,1,0.65647984
26356,2101669,2101669,cleaned_awards,2021,1,methodkg_v3_01802,ann_01292,projtxt_6363c8b5fefc3c5b,EDU,DRL,Continuing Grant,764500,inst_c7dda2f8b75f,University of California-Berkeley,person_cf72432d1b07,0.0,1.0,0,multi_method_not_mmr,0.0,0.0,1,0,1,0,2,0,0,1,train,test,train,test,train,train,1,1,0.6214161
26357,2101670,2101670,cleaned_awards,2021,1,methodkg_v3_01803,ann_00762,projtxt_6363c8b5fefc3c5b,EDU,DRL,Continuing Grant,764500,inst_c087a7aa13cd,Educational Testing Service,person_fff283b4dd11,0.0,1.0,0,multi_method_not_mmr,0.0,0.0,1,0,1,0,2,0,0,1,train,test,train,test,train,train,1,1,0.65435916
26361,2105156,2105156,cleaned_awards,2021,1,methodkg_v3_01807,ann_00197,projtxt_a89d5fc253c3edcf,ENG,EEC,Standard Grant,134000,inst_f27e0292a56f,University of Nebraska-Lincoln,person_28f7f1a2257a,1.0,1.0,1,explicit_mmr,1.0,1.0,1,1,1,1,0,1,1,1,test,test,train,test,train,test,1,1,0.61825275
26390,2106319,2106319,cleaned_awards,2021,1,methodkg_v3_01809,ann_01697,projtxt_d006e28f0c25de40,ENG,EEC,Standard Grant,134000,inst_f6cb5dbf010f,University of Tennessee Knoxville,person_00b251e40742,1.0,1.0,1,explicit_mmr,1.0,1.0,1,1,1,1,0,1,1,1,train,test,train,test,train,test,1,1,0.6264394
26508,2112532,2112532,cleaned_awards,2021,1,methodkg_v3_01824,ann_01621,projtxt_6b8610f65b9d0a26,EDU,DRL,Cooperative Agreement,"132Y00, 184Y00",inst_82c2e3e7364c,Georgia Research Alliance,person_f882303440f8,1.0,1.0,1,explicit_mmr,1.0,1.0,1,1,1,1,0,1,1,1,validation,test,validation,test,train,train,1,1,0.5712165
26547,2113844,2113844,cleaned_awards,2021,1,methodkg_v3_01828,ann_01149,projtxt_60b916538d4596e2,ENG,EEC,Standard Grant,134000,inst_4eebb6036442,Rowan University,person_d3f997fb3c83,1.0,1.0,1,implicit_mmr,1.0,1.0,1,1,1,1,1,1,1,1,train,test,train,test,train,test,1,1,0.6439573
26548,2113845,2113845,cleaned_awards,2021,1,methodkg_v3_01829,ann_01082,projtxt_60b916538d4596e2,ENG,EEC,Standard Grant,134000,inst_573cd3940e58,"OHIO STATE UNIVERSITY, THE",person_eaf14d1d4b27,1.0,1.0,1,implicit_mmr,1.0,1.0,1,1,1,1,1,1,1,1,train,test,train,test,train,test,1,1,0.660283
26549,2113846,2113846,cleaned_awards,2021,1,methodkg_v3_01830,ann_00981,projtxt_60b916538d4596e2,ENG,EEC,Standard Grant,134000,inst_76a753a05db8,Bucknell University,person_7a2ffc7c08c2,1.0,1.0,1,implicit_mmr,1.0,1.0,1,1,1,1,1,1,1,1,train,test,train,test,train,test,1,1,0.6583974
26784,2122874,2122874,cleaned_awards,2021,1,methodkg_v3_01855,ann_01223,projtxt_8cd0116365c9c243,EDU,DRL,Standard Grant,134Y00,inst_9449cea011d2,University of Hawaii,person_8f9d103966f2,1.0,1.0,1,explicit_mmr,1.0,1.0,1,1,1,1,0,1,1,1,train,test,train,test,train,train,1,1,0.6440793
26832,2125362,2125362,cleaned_awards,2021,1,methodkg_v3_01861,ann_01075,projtxt_a6c8a502f32182e2,EDU,DGE,Standard Grant,199700,inst_251fc570694e,Rochester Institute of Tech,person_0cadea583fc8,0.0,1.0,0,multi_method_not_mmr,0.0,0.0,1,0,1,0,2,0,0,1,train,test,train,test,train,train,1,1,0.56790066
26869,2126031,2126031,cleaned_awards,2021,1,methodkg_v3_01864,ann_00687,projtxt_1a9abc3d81e180f4,EDU,DGE,Standard Grant,162Y00,inst_53abdd440f98,Wake Forest University,person_ea36d0870141,1.0,1.0,1,implicit_mmr,1.0,1.0,1,1,1,1,1,1,1,1,train,test,train,test,train,train,1,1,0.6089039
26885,2128203,2128203,cleaned_awards,2021,1,methodkg_v3_01868,ann_01144,projtxt_6ff4baf5c6f79d00,EDU,EES,Standard Grant,016Y00,inst_939cfa7e3d4d,John Carroll University,person_787d2f7ba927,1.0,1.0,1,implicit_mmr,1.0,1.0,1,1,1,1,1,1,1,1,train,test,train,test,train,train,1,1,0.56753564
26963,2134583,2134583,cleaned_awards,2021,1,methodkg_v3_01895,ann_00692,projtxt_4582f6cc1b98ecc0,EDU,DUE,Standard Grant,199800,inst_f778e73be808,Northern Virginia Community College,person_99c2976ed83f,1.0,1.0,1,explicit_mmr,1.0,1.0,1,1,1,1,0,1,1,1,train,test,train,test,train,train,1,1,0.5577397
27065,2142108,2142108,cleaned_awards,2021,1,methodkg_v3_01915,ann_02075,projtxt_be97e82f9b8f895b,EDU,DUE,Standard Grant,199800,inst_db5ac06cdf36,Mount Holyoke College,person_b05cc52f5789,1.0,1.0,1,implicit_mmr,1.0,1.0,1,1,1,1,1,1,1,1,train,test,train,test,train,train,1,1,0.5767711
27067,2142262,2142262,cleaned_awards,2021,1,methodkg_v3_01917,ann_00076,projtxt_be97e82f9b8f895b,EDU,DUE,Standard Grant,199800,inst_02fc32a55981,Emory University,person_d3c18714c041,1.0,1.0,1,implicit_mmr,1.0,1.0,1,1,1,1,1,1,1,1,train,test,train,test,train,train,1,1,0.573371
27068,2142277,2142277,cleaned_awards,2021,1,methodkg_v3_01919,ann_00036,projtxt_be97e82f9b8f895b,EDU,DUE,Standard Grant,199800,inst_d19178b037c0,Colorado State University,person_f83cb772b563,1.0,1.0,1,implicit_mmr,1.0,1.0,1,1,1,1,1,1,1,1,train,test,train,test,train,train,1,1,0.5875094
27095,2203386,2203386,cleaned_awards,2021,1,methodkg_v3_02002,ann_01946,projtxt_8088c7349e2bdc74,EDU,DRL,Standard Grant,764500,inst_39292b8a7c4e,University of Texas at Arlington,person_11fafa6ebd91,1.0,1.0,1,implicit_mmr,1.0,1.0,1,1,1,1,1,1,1,1,train,test,train,test,train,train,1,1,0.6129952
27099,2207795,2207795,cleaned_awards,2021,1,methodkg_v3_02009,ann_01857,projtxt_0240ff43f165b15f,EDU,EES,Continuing Grant,798000,inst_65da3f92b2f3,Carnegie Mellon University,person_850344394ae9,0.0,1.0,0,multi_method_not_mmr,1.0,1.0,1,0,1,0,2,1,1,1,train,test,train,test,train,train,1,1,0.5851119
27114,2104782,2104782,cleaned_awards,2022,1,methodkg_v3_01804,ann_02056,projtxt_80e2ac83636fc362,ENG,EEC,Standard Grant,134000,inst_b0164d46a195,Purdue University,person_338ed92a79a9,1.0,1.0,1,explicit_mmr,1.0,1.0,1,1,1,1,0,1,1,1,train,test,train,test,train,test,1,1,0.6440028
27115,2104792,2104792,cleaned_awards,2022,1,methodkg_v3_01805,ann_01084,projtxt_80e2ac83636fc362,ENG,EEC,Standard Grant,134000,inst_733a346578b8,Iowa State University,person_b46b076b9db4,1.0,1.0,1,explicit_mmr,1.0,1.0,1,1,1,1,0,1,1,1,train,test,train,test,train,test,1,1,0.64153504
27116,2104979,2104979,cleaned_awards,2022,1,methodkg_v3_01806,ann_00509,projtxt_80e2ac83636fc362,ENG,EEC,Standard Grant,134000,inst_20147190a8e1,SUNY at Buffalo,person_3a8c7d44978b,1.0,1.0,1,explicit_mmr,1.0,1.0,1,1,1,1,0,1,1,1,train,test,train,test,train,test,1,1,0.65255857
27133,2121351,2121351,cleaned_awards,2022,1,methodkg_v3_01847,ann_00321,projtxt_1af6bfc9255aa9de,EDU,DUE,Standard Grant,"179500, 199800",inst_35619f87a9d3,University of North Georgia,person_60999e219d8d,1.0,1.0,1,explicit_mmr,1.0,1.0,1,1,1,1,0,1,1,1,train,test,train,test,train,train,1,1,0.60125375
27143,2129896,2129896,cleaned_awards,2022,1,methodkg_v3_01874,ann_00419,projtxt_9e90a87deb59d7b8,EDU,DUE,Standard Grant,153600,inst_81ab143aab71,Northwestern Connecticut Community College,person_440606217020,1.0,1.0,1,explicit_mmr,1.0,1.0,1,1,1,1,0,1,1,1,train,test,train,test,train,train,1,1,0.5296181
27159,2130239,2130239,cleaned_awards,2022,1,methodkg_v3_01880,ann_00597,projtxt_1988d3ee1b85435c,EDU,DUE,Standard Grant,153600,inst_e160b12a93ec,University of Washington,person_8e5218f56c89,1.0,1.0,1,explicit_mmr,1.0,1.0,1,1,1,1,0,1,1,1,train,test,train,test,train,train,1,1,0.5327776
27224,2138463,2138463,cleaned_awards,2022,1,methodkg_v3_01899,ann_01579,projtxt_af0f50a6a6e5f9b2,ENG,EEC,Standard Grant,180Y00,inst_6b9a46f2f80e,Franklin W. Olin College of Engineering,person_a1bbcd78a69d,1.0,1.0,1,explicit_mmr,1.0,1.0,1,1,1,1,0,1,1,1,test,test,train,test,train,test,1,1,0.6033435
27319,2142214,2142214,cleaned_awards,2022,1,methodkg_v3_01916,ann_01329,projtxt_c648beebfa74f678,EDU,DUE,Standard Grant,199800,inst_19117b950b4b,University of North Carolina Greensboro,person_ea3fc0a03442,1.0,1.0,1,explicit_mmr,1.0,1.0,1,1,1,1,0,1,1,1,train,test,train,test,train,train,1,1,0.6523859
27327,2142311,2142311,cleaned_awards,2022,1,methodkg_v3_01920,ann_02350,projtxt_f1f8b6c8448ac158,EDU,DUE,Standard Grant,199800,inst_b48147997c2e,University of Northern Colorado,person_80065c30a44d,1.0,1.0,1,explicit_mmr,1.0,1.0,1,1,1,1,0,1,1,1,train,test,train,test,train,train,1,1,0.6480632
27333,2142324,2142324,cleaned_awards,2022,1,methodkg_v3_01921,ann_00601,projtxt_f1f8b6c8448ac158,EDU,DUE,Standard Grant,199800,inst_72c72a774380,University of South Florida,person_281cdcaa3818,1.0,1.0,1,explicit_mmr,1.0,1.0,1,1,1,1,0,1,1,1,train,test,train,test,train,train,1,1,0.62978435
27336,2142344,2142344,cleaned_awards,2022,1,methodkg_v3_01922,ann_00625,projtxt_c648beebfa74f678,EDU,DUE,Standard Grant,199800,inst_d2b442f8f9c5,University of Wisconsin-Madison,person_3006abbbc4cb,1.0,1.0,1,explicit_mmr,1.0,1.0,1,1,1,1,0,1,1,1,train,test,train,test,train,train,1,1,0.62107486
27401,2144618,2144618,cleaned_awards,2022,1,methodkg_v3_01937,ann_01970,projtxt_53252dea6039c382,EDU,DRL,Continuing Grant,764500,inst_ce07f2bf1dea,University of North Carolina at Charlotte,person_f2e2eb7901cf,1.0,1.0,1,explicit_mmr,1.0,1.0,1,1,1,1,0,1,1,1,train,test,train,test,train,train,1,1,0.6356229
27452,2148451,2148451,cleaned_awards,2022,1,methodkg_v3_01947,ann_01913,projtxt_36ab7101f2ed0911,EDU,DRL,Standard Grant,722700,inst_bbcf6dbb6021,EAST BAY EDUCATIONAL COLLABORATIVE,person_58e9a0ae3a0c,1.0,1.0,1,explicit_mmr,1.0,1.0,1,1,1,1,0,1,1,1,test,test,train,test,train,train,1,1,0.63992137
27489,2150045,2150045,cleaned_awards,2022,1,methodkg_v3_01955,ann_02229,projtxt_0acd2557f2b8f9b9,EDU,EES,Standard Grant,077Y00,inst_b2e725ec5591,Metropolitan State University of Denver,person_6c78b4b22509,1.0,1.0,1,explicit_mmr,1.0,1.0,1,1,1,1,0,1,1,1,train,test,train,test,test,train,1,1,0.58922523
27559,2150961,2150961,cleaned_awards,2022,1,methodkg_v3_01961,ann_01966,projtxt_55c5f2f94d21294b,EDU,DUE,Continuing Grant,179500,inst_287f0911af9f,National-Louis University,person_4b6a436d63bc,0.0,1.0,0,multi_method_not_mmr,0.0,0.0,1,0,1,0,2,0,0,1,validation,test,train,test,test,train,1,1,0.53551656
27780,2201858,2201858,cleaned_awards,2022,1,methodkg_v3_01994,ann_00453,projtxt_b670210f3bbfd279,EDU,DRL,Standard Grant,798000,inst_e64fdfd9d493,University of Connecticut,person_362b46603e1f,0.0,1.0,0,qual_only,1.0,0.0,1,0,1,0,4,1,0,1,train,test,train,test,train,train,1,1,0.6609896
27781,2201859,2201859,cleaned_awards,2022,1,methodkg_v3_01995,ann_02232,projtxt_b670210f3bbfd279,EDU,DRL,Standard Grant,798000,inst_43c4124caf4b,Michigan State University,person_b5d7d6da32d1,0.0,1.0,0,qual_only,1.0,0.0,1,0,1,0,4,1,0,1,train,test,train,test,train,train,1,1,0.6655277
27850,2202169,2202169,cleaned_awards,2022,1,methodkg_v3_02001,ann_01902,projtxt_f50ac8fcdd6771fb,EDU,DUE,Standard Grant,741200,inst_0f6a17d8c539,IMPACT ALLIES INC,person_89a14a9bf1a7,1.0,1.0,1,explicit_mmr,1.0,1.0,1,1,1,1,0,1,1,1,train,test,test,test,validation,train,1,1,0.508918
28052,2215592,2215592,cleaned_awards,2022,1,methodkg_v3_02018,ann_01712,projtxt_1ae2b088bd46eaee,EDU,DRL,Continuing Grant,725900,inst_a98c4ebd446d,Science Museum of Minnesota,person_d9ad91174e07,0.0,1.0,0,multi_method_not_mmr,1.0,1.0,1,0,1,0,2,1,1,1,test,test,train,test,train,train,1,1,0.64924103
28224,2221627,2221627,cleaned_awards,2022,1,methodkg_v3_02048,ann_00896,projtxt_490e3f52d7d838e3,EDU,DUE,Standard Grant,153600,inst_ff4fea33a7a6,North Dakota State College of Science,person_d8e63c705131,1.0,1.0,1,explicit_mmr,1.0,1.0,1,1,1,1,0,1,1,1,train,test,train,test,train,train,1,1,0.50709206
28240,2221912,2221912,cleaned_awards,2022,1,methodkg_v3_02051,ann_01841,projtxt_308ae7c52da37cd4,EDU,DGE,Standard Grant,713700,inst_4edf61b18a4d,Duke University,person_1233ffa21bbd,1.0,1.0,1,explicit_mmr,1.0,1.0,1,1,1,1,0,1,1,1,train,test,train,test,train,train,1,1,0.5259022
28473,2323131,2323131,cleaned_awards,2022,1,methodkg_v3_02197,ann_00819,projtxt_41ca7e3bca25e83a,EDU,EES,Standard Grant,032Y00,inst_6a07d6410cb6,University of Virginia Main Campus,person_066ac67a1240,0.0,1.0,0,quant_only,0.0,1.0,1,0,1,0,5,0,1,1,train,test,validation,test,train,train,1,1,0.5800781
28500,2214418,2214418,cleaned_awards,2023,1,methodkg_v3_02011,ann_02398,projtxt_66407568b973edf3,EDU,EES,Standard Grant,077Y00,inst_58cca3e9c02f,University of Puerto Rico-Rio Piedras,person_0ce2236f3477,0.0,1.0,0,quant_only,0.0,1.0,1,0,1,0,5,0,1,1,train,test,train,test,train,train,1,1,0.5790604
28592,2228202,2228202,cleaned_awards,2023,1,methodkg_v3_02064,ann_00776,projtxt_4b0167847633f12f,EDU,DUE,Standard Grant,"199800, 077Y00",inst_b0ebe03a0822,University of California-Irvine,person_c411eb4b1be7,1.0,1.0,1,explicit_mmr,1.0,1.0,1,1,1,1,0,1,1,1,validation,test,train,test,train,train,1,1,0.58662724
28616,2234071,2234071,cleaned_awards,2023,1,methodkg_v3_02066,ann_00826,projtxt_42d21df784b43711,EDU,DUE,Continuing Grant,199800,inst_24dfb5a7cf01,San Jose State University Foundation,person_b06d71368db8,1.0,1.0,1,explicit_mmr,1.0,1.0,1,1,1,1,0,1,1,1,train,test,train,test,train,train,1,1,0.6237988
28617,2234073,2234073,cleaned_awards,2023,1,methodkg_v3_02067,ann_00767,projtxt_42d21df784b43711,EDU,DUE,Continuing Grant,199800,inst_b96571a8dce1,California Polytechnic State University Foundation,person_7cca7063fed8,1.0,1.0,1,explicit_mmr,1.0,1.0,1,1,1,1,0,1,1,1,train,test,train,test,train,train,1,1,0.6176424
28618,2234074,2234074,cleaned_awards,2023,1,methodkg_v3_02068,ann_01101,projtxt_42d21df784b43711,EDU,DUE,Continuing Grant,199800,inst_814a6b7a8685,San Francisco State University,person_7e336aed676b,1.0,1.0,1,explicit_mmr,1.0,1.0,1,1,1,1,0,1,1,1,train,test,train,test,train,train,1,1,0.6132086
28641,2235227,2235227,cleaned_awards,2023,1,methodkg_v3_02071,ann_00694,projtxt_26a36b6eaabc322f,EDU,DUE,Standard Grant,199800,inst_f27e0292a56f,University of Nebraska-Lincoln,person_28f7f1a2257a,1.0,1.0,1,explicit_mmr,1.0,1.0,1,1,1,1,0,1,1,1,train,test,train,test,train,train,1,1,0.6399553
28647,2235345,2235345,cleaned_awards,2023,1,methodkg_v3_02073,ann_01198,projtxt_b586781051267fb9,ENG,EEC,Standard Grant,"199800, 012Y00",inst_c2074df59946,Rensselaer Polytechnic Institute,person_b92bd2ce8d2e,1.0,1.0,1,explicit_mmr,1.0,1.0,1,1,1,1,0,1,1,1,train,test,train,test,train,test,1,1,0.5832796
28691,2235774,2235774,cleaned_awards,2023,1,methodkg_v3_02079,ann_02248,projtxt_ca1100f3daced895,EDU,DUE,Standard Grant,199800,inst_cd97f096676e,"University Enterprises, Incorporated",person_bf4cb259ccba,0.0,1.0,0,quant_only,0.0,1.0,1,0,1,0,5,0,1,1,validation,test,train,test,train,train,1,1,0.595906
28714,2236075,2236075,cleaned_awards,2023,1,methodkg_v3_02082,ann_01741,projtxt_29df12bcde773879,EDU,DUE,Standard Grant,199800,inst_9912e99d7323,Marquette University,person_0da76e867e76,1.0,1.0,1,explicit_mmr,1.0,1.0,1,1,1,1,0,1,1,1,test,test,train,test,test,train,1,1,0.6000591
28715,2236107,2236107,cleaned_awards,2023,1,methodkg_v3_02083,ann_01382,projtxt_bf8710b32c4feade,EDU,DUE,Standard Grant,"199800, 179500",inst_9449cea011d2,University of Hawaii,person_62b225a64bdb,1.0,1.0,1,explicit_mmr,1.0,1.0,1,1,1,1,0,1,1,1,train,test,train,test,train,train,1,1,0.57785624
28739,2236402,2236402,cleaned_awards,2023,1,methodkg_v3_02084,ann_00946,projtxt_ec3d2f59d280e68b,EDU,DUE,Standard Grant,199800,inst_d82f03f3b62b,Cuesta College,person_445ac9c62b5c,1.0,1.0,1,explicit_mmr,1.0,1.0,1,1,1,1,0,1,1,1,train,test,train,test,train,train,1,1,0.598763
28744,2237053,2237053,cleaned_awards,2023,1,methodkg_v3_02086,ann_00291,projtxt_57810f309484c98c,EDU,DRL,Continuing Grant,764500,inst_8f7631d7da8f,University of Missouri-Columbia,person_5cef09224926,1.0,1.0,1,explicit_mmr,1.0,1.0,1,1,1,1,0,1,1,1,train,test,train,test,train,train,1,1,0.6254773
28988,2300291,2300291,cleaned_awards,2023,1,methodkg_v3_02122,ann_00793,projtxt_a1c656e3f9ab4dff,EDU,DRL,Continuing Grant,"764500, 798000",inst_e160b12a93ec,University of Washington,person_b2b60eef5d2a,1.0,1.0,1,explicit_mmr,1.0,1.0,1,1,1,1,0,1,1,1,train,test,train,test,train,train,1,1,0.63512033
29218,2306270,2306270,cleaned_awards,2023,1,methodkg_v3_02144,ann_01400,projtxt_c846fe1fbd12a4e8,ENG,EEC,Standard Grant,134000,inst_20147190a8e1,SUNY at Buffalo,person_fbbcde9215c2,1.0,1.0,1,implicit_mmr,1.0,1.0,1,1,1,1,1,1,1,1,test,test,train,test,train,test,1,1,0.64050645
29309,2313369,2313369,cleaned_awards,2023,1,methodkg_v3_02151,ann_00549,projtxt_b4061fb215dc1e74,ENG,EEC,Standard Grant,"138500, 148000, 768000, 012Y00, 136000, 135900, 134000",inst_ed10a024bb45,American Society For Engineering Education,person_be260faacd2a,0.0,0.0,0,no_method_signal,0.0,0.0,0,0,0,0,3,0,0,0,train,test,train,test,validation,test,0,1,0.51620775
29310,2313418,2313418,cleaned_awards,2023,1,methodkg_v3_02152,ann_01429,projtxt_c13f9242640134ac,EDU,DRL,Standard Grant,"725900, 722700",inst_62343fc9b17a,University of Alabama Tuscaloosa,person_e7873877f812,1.0,1.0,1,explicit_mmr,1.0,1.0,1,1,1,1,0,1,1,1,train,test,train,test,train,train,1,1,0.61437076
29315,2313850,2313850,cleaned_awards,2023,1,methodkg_v3_02154,ann_01627,projtxt_7f93303f4a562a63,EDU,DRL,Continuing Grant,725900,inst_f8668d5e645f,New York Hall of Science,person_8ca6efced69d,1.0,1.0,1,implicit_mmr,1.0,1.0,1,1,1,1,1,1,1,1,train,test,train,test,validation,train,1,1,0.6193583
29458,2318264,2318264,cleaned_awards,2023,1,methodkg_v3_02185,ann_01105,projtxt_5d655b13865d8e13,EDU,DUE,Standard Grant,077Y00,inst_8c3445962396,CSU Fullerton Auxiliary Services Corporation,person_ac2722db0b00,1.0,1.0,1,implicit_mmr,1.0,1.0,1,1,1,1,1,1,1,1,train,test,train,test,train,train,1,1,0.6237791
29766,2409848,2409848,cleaned_awards,2023,1,methodkg_v3_02309,ann_00399,projtxt_c85bb658c0286871,EDU,DUE,Standard Grant,179500,inst_62343fc9b17a,University of Alabama Tuscaloosa,person_cd5bc2f3091b,1.0,1.0,1,explicit_mmr,1.0,1.0,1,1,1,1,0,1,1,1,train,test,train,test,train,train,1,1,0.55315816
29781,2243558,2243558,cleaned_awards,2024,1,methodkg_v3_02109,ann_01998,projtxt_3e579afe29e922bd,EDU,DUE,Continuing Grant,179500,inst_8c3445962396,CSU Fullerton Auxiliary Services Corporation,person_b11c36764f5b,0.0,1.0,0,multi_method_not_mmr,1.0,1.0,1,0,1,0,2,1,1,1,validation,test,train,test,train,train,1,1,0.51413393
29801,2314075,2314075,cleaned_awards,2024,1,methodkg_v3_02157,ann_01155,projtxt_112132cba0978d04,EDU,DRL,Continuing Grant,725900,inst_c7dda2f8b75f,University of California-Berkeley,person_bb844331d88a,1.0,1.0,1,implicit_mmr,1.0,1.0,1,1,1,1,1,1,1,1,train,test,train,test,train,train,1,1,0.67175645
29820,2322250,2322250,cleaned_awards,2024,1,methodkg_v3_02196,ann_00935,projtxt_98bbc7d52ee517c1,EDU,DUE,Standard Grant,199800,inst_79068178781a,Clemson University,person_caf71ba8d790,0.0,1.0,0,qual_only,1.0,0.0,1,0,1,0,4,1,0,1,train,test,train,test,train,train,1,1,0.57792985
29849,2325989,2325989,cleaned_awards,2024,1,methodkg_v3_02199,ann_01092,projtxt_3cc80c8b62262dee,EDU,DUE,Standard Grant,153600,inst_dfe8bee2765e,Millikin University,person_f49b916a2085,1.0,1.0,1,implicit_mmr,1.0,1.0,1,1,1,1,1,1,1,1,validation,test,train,test,validation,train,1,1,0.5132902
29856,2327314,2327314,cleaned_awards,2024,1,methodkg_v3_02201,ann_01341,projtxt_5181ca2d58d6dedc,EDU,DGE,Standard Grant,713700,inst_cffaf289774e,University of New Hampshire,person_32bb8e5c0dbf,1.0,1.0,1,implicit_mmr,1.0,1.0,1,1,1,1,1,1,1,1,train,test,train,test,train,train,1,1,0.6358087
29934,2336456,2336456,cleaned_awards,2024,1,methodkg_v3_02214,ann_00850,projtxt_0f2cca9707c8a7a6,EDU,DGE,Continuing Grant,"166800, 725900",inst_5965f06fba03,Florida Atlantic University,person_e435292b6e97,0.0,0.0,0,no_method_signal,0.0,0.0,0,0,0,0,3,0,0,0,train,test,train,test,train,train,0,0,0.49207407
29968,2336910,2336910,cleaned_awards,2024,1,methodkg_v3_02216,ann_02422,projtxt_5e01f1480cb71175,EDU,DUE,Standard Grant,077Y00,inst_8c3445962396,CSU Fullerton Auxiliary Services Corporation,person_a11f7b67cbea,1.0,1.0,1,implicit_mmr,1.0,1.0,1,1,1,1,1,1,1,1,train,test,train,test,train,train,1,1,0.5754741
29969,2336911,2336911,cleaned_awards,2024,1,methodkg_v3_02217,ann_01248,projtxt_5e01f1480cb71175,EDU,DUE,Standard Grant,199800,inst_772f5768cd28,North Dakota State University Fargo,person_1f9100c2b88a,1.0,1.0,1,implicit_mmr,1.0,1.0,1,1,1,1,1,1,1,1,train,test,train,test,train,train,1,1,0.5772034
29970,2336912,2336912,cleaned_awards,2024,1,methodkg_v3_02218,ann_01455,projtxt_5e01f1480cb71175,EDU,DUE,Standard Grant,199800,inst_094bff5de7d3,University of Maine,person_0056ad31aa58,1.0,1.0,1,implicit_mmr,1.0,1.0,1,1,1,1,1,1,1,1,train,test,train,test,train,train,1,1,0.56261754
29979,2337003,2337003,cleaned_awards,2024,1,methodkg_v3_02219,ann_01936,projtxt_cd0656ba66a64b70,EDU,DUE,Standard Grant,199800,inst_ae52c9ee8b90,University of Cincinnati Main Campus,person_f8c47dd79ade,1.0,1.0,1,explicit_mmr,1.0,1.0,1,1,1,1,0,1,1,1,train,test,train,test,train,train,1,1,0.5710091
30033,2337612,2337612,cleaned_awards,2024,1,methodkg_v3_02232,ann_02374,projtxt_3b0647263af0a88f,EDU,DRL,Continuing Grant,798000,inst_20261daaec23,University of Pittsburgh,person_46d7436a84c3,1.0,1.0,1,implicit_mmr,1.0,1.0,1,1,1,1,1,1,1,1,train,test,train,test,train,train,1,1,0.6797706
30162,2345114,2345114,cleaned_awards,2024,1,methodkg_v3_02256,ann_00182,projtxt_e1a327b3e18b3dc5,EDU,DUE,Continuing Grant,179500,inst_ff0b6838463f,University of West Alabama,person_29cfab29aee0,1.0,1.0,1,explicit_mmr,1.0,1.0,1,1,1,1,0,1,1,1,test,test,train,test,train,train,1,1,0.5117736
30407,2400805,2400805,cleaned_awards,2024,1,methodkg_v3_02284,ann_02107,projtxt_d02f518f23aad4a1,EDU,DUE,Standard Grant,798000,inst_bab4842db386,California State University-Long Beach Foundation,person_414e54488df1,1.0,1.0,1,implicit_mmr,1.0,1.0,1,1,1,1,1,1,1,1,train,test,train,test,train,train,1,1,0.64229304
30456,2404553,2404553,cleaned_awards,2024,1,methodkg_v3_02289,ann_01772,projtxt_ea8f1604b679699b,EDU,DRL,Continuing Grant,764500,inst_7908a84c2f97,Kent State University,person_627755e62ad2,1.0,1.0,1,explicit_mmr,1.0,1.0,1,1,1,1,0,1,1,1,train,test,train,test,train,train,1,1,0.66933423
30477,2405120,2405120,cleaned_awards,2024,1,methodkg_v3_02292,ann_01480,projtxt_92738bca65feca54,EDU,DRL,Continuing Grant,764500,inst_fad1f1dec7ae,WestEd,person_744a8c49bd51,0.0,1.0,0,multi_method_not_mmr,1.0,1.0,1,0,1,0,2,1,1,1,validation,test,train,test,validation,train,1,1,0.62193054
30493,2405431,2405431,cleaned_awards,2024,1,methodkg_v3_02296,ann_00413,projtxt_01f7f6515c9209ea,EDU,DRL,Continuing Grant,764500,inst_b0164d46a195,Purdue University,person_3ba1b9ed0687,0.0,1.0,0,qual_only,1.0,0.0,1,0,1,0,4,1,0,1,train,test,train,test,train,train,1,1,0.6253009
30607,2411129,2411129,cleaned_awards,2024,1,methodkg_v3_02311,ann_02004,projtxt_21932813926024f8,EDU,DRL,Continuing Grant,"764500, 798000",inst_43c4124caf4b,Michigan State University,person_835f1cf48550,0.0,1.0,0,qual_only,1.0,0.0,1,0,1,0,4,1,0,1,train,test,train,test,train,train,1,1,0.6476364
30684,2413103,2413103,cleaned_awards,2024,1,methodkg_v3_02322,ann_02476,projtxt_bceb1b4900c5ab68,EDU,DUE,Standard Grant,264Y00,inst_f52a9d4e9951,Kansas City Kansas Community College,person_a86262c900fb,1.0,1.0,1,explicit_mmr,1.0,1.0,1,1,1,1,0,1,1,1,test,test,train,test,validation,train,1,1,0.5317456
30712,2413410,2413410,cleaned_awards,2024,1,methodkg_v3_02325,ann_01656,projtxt_bde8fae600dec1b9,EDU,DUE,Standard Grant,264Y00,inst_f422bb1d9648,Seattle Community College District Office,person_5bf7e50d3694,1.0,1.0,1,explicit_mmr,1.0,1.0,1,1,1,1,0,1,1,1,train,test,train,test,train,train,1,1,0.55447036
30755,2415686,2415686,cleaned_awards,2024,1,methodkg_v3_02330,ann_01044,projtxt_c93edd550d648953,EDU,DRL,Standard Grant,"725900, 727500",inst_cad2d5c6428f,LONG ISLAND CHILDREN'S MUSEUM,person_0ff3ac2c42b9,0.0,1.0,0,qual_only,1.0,0.0,1,0,1,0,4,1,0,1,train,test,train,test,validation,train,1,1,0.61827534
30827,2417252,2417252,cleaned_awards,2024,1,methodkg_v3_02346,ann_00618,projtxt_37e22f946c203ab9,ENG,EEC,Standard Grant,134000,inst_b0164d46a195,Purdue University,person_338ed92a79a9,0.0,1.0,0,qual_only,1.0,0.0,1,0,1,0,4,1,0,1,train,test,train,test,train,test,1,1,0.6437639
30890,2419116,2419116,cleaned_awards,2024,1,methodkg_v3_02354,ann_01814,projtxt_d70b97ecba326162,ENG,EEC,Standard Grant,135900,inst_ee61b9e48d5c,Wright State University,person_0f7be0087fd6,0.0,1.0,0,multi_method_not_mmr,0.0,0.0,1,0,1,0,2,0,0,1,train,test,train,test,train,test,1,1,0.5410917
30891,2419117,2419117,cleaned_awards,2024,1,methodkg_v3_02355,ann_01251,projtxt_d70b97ecba326162,ENG,EEC,Standard Grant,135900,inst_753fb42f0c74,University of Dayton,person_549de210cdcf,0.0,1.0,0,multi_method_not_mmr,0.0,0.0,1,0,1,0,2,0,0,1,train,test,train,test,train,test,1,1,0.5372876
30892,2419118,2419118,cleaned_awards,2024,1,methodkg_v3_02356,ann_00064,projtxt_d70b97ecba326162,ENG,EEC,Standard Grant,135900,inst_19be263ddd03,Central State University,person_f5b6d9a65344,0.0,1.0,0,multi_method_not_mmr,0.0,0.0,1,0,1,0,2,0,0,1,train,test,train,test,train,test,1,1,0.5239418
30905,2420944,2420944,cleaned_awards,2024,1,methodkg_v3_02357,ann_02483,projtxt_c4dafa5f179ca40a,EDU,DUE,Standard Grant,077Y00,inst_c66b5c65b8cc,SUNY College at Old Westbury,person_bd6cc7c103c8,1.0,1.0,1,explicit_mmr,1.0,1.0,1,1,1,1,0,1,1,1,validation,test,train,test,train,train,1,1,0.5399233
30919,2421279,2421279,cleaned_awards,2024,1,methodkg_v3_02360,ann_01439,projtxt_d8fc3c74ed6e9b29,EDU,DUE,Standard Grant,077Y00,inst_0cd53aaaddd2,University of California-Riverside,person_e51f10967d6d,1.0,1.0,1,explicit_mmr,1.0,1.0,1,1,1,1,0,1,1,1,train,test,train,test,train,train,1,1,0.57653344
30920,2421280,2421280,cleaned_awards,2024,1,methodkg_v3_02361,ann_00302,projtxt_d8fc3c74ed6e9b29,EDU,DUE,Standard Grant,077Y00,inst_26a99bb0ed8d,Mount San Antonio College,person_7adab63f126c,1.0,1.0,1,explicit_mmr,1.0,1.0,1,1,1,1,0,1,1,1,train,test,train,test,train,train,1,1,0.58831596
30949,2422544,2422544,cleaned_awards,2024,1,methodkg_v3_02367,ann_00245,projtxt_0990f6400c43079d,EDU,EES,Standard Grant,162Y00,inst_cd97f096676e,"University Enterprises, Incorporated",person_bf4cb259ccba,1.0,1.0,1,explicit_mmr,1.0,1.0,1,1,1,1,0,1,1,1,train,test,train,test,train,train,1,1,0.5896693
31035,2429832,2429832,cleaned_awards,2024,1,methodkg_v3_02384,ann_02262,projtxt_c4e5cc1c25f1ddbf,EDU,DGE,Standard Grant,260Y00,inst_549861d860f7,University of Kentucky Research Foundation,person_0d09ca9bf68c,0.0,1.0,0,quant_only,0.0,1.0,1,0,1,0,5,0,1,1,train,test,validation,test,train,train,1,1,0.6108656
31045,2430255,2430255,cleaned_awards,2024,1,methodkg_v3_02385,ann_01774,projtxt_6a347d716da0a7d4,EDU,DUE,Standard Grant,070Y00,inst_4b4a5e6692f0,Howard University,person_2b40194dbaff,0.0,1.0,0,quant_only,0.0,1.0,1,0,1,0,5,0,1,1,train,test,train,test,train,train,1,1,0.556328
31046,2430257,2430257,cleaned_awards,2024,1,methodkg_v3_02386,ann_00806,projtxt_6a347d716da0a7d4,EDU,DUE,Standard Grant,070Y00,inst_ec08347a4c27,Saint Augustine's College,person_f207ffcbc7cf,0.0,1.0,0,quant_only,0.0,1.0,1,0,1,0,5,0,1,1,train,test,train,test,train,train,1,1,0.55485797
31047,2430258,2430258,cleaned_awards,2024,1,methodkg_v3_02387,ann_01222,projtxt_6a347d716da0a7d4,EDU,DUE,Standard Grant,070Y00,inst_8c2ff1738668,Alabama State University,person_c636516a4b30,0.0,1.0,0,quant_only,0.0,1.0,1,0,1,0,5,0,1,1,train,test,train,test,train,train,1,1,0.55355203
31287,2517189,2517189,cleaned_awards,2024,1,methodkg_v3_02443,ann_01907,projtxt_36ab7101f2ed0911,EDU,DRL,Standard Grant,722700,inst_fadb19741170,Concord Consortium,person_58e9a0ae3a0c,1.0,1.0,1,explicit_mmr,1.0,1.0,1,1,1,1,0,1,1,1,test,test,train,test,train,train,1,1,0.6387806
31364,2425114,2425114,cleaned_awards,2025,1,methodkg_v3_02379,ann_00588,projtxt_237dbfc7524278d1,EDU,DUE,Standard Grant,153600,inst_560235f7023f,College of Mount Saint Vincent,person_6737454a699f,1.0,1.0,1,explicit_mmr,1.0,1.0,1,1,1,1,0,1,1,1,validation,test,train,test,train,train,1,1,0.5289674
31602,2448306,2448306,cleaned_awards,2025,1,methodkg_v3_02396,ann_00259,projtxt_bb05d13d9c407e12,EDU,DUE,Standard Grant,179500,inst_dbfcb6ea2920,Middle Tennessee State University,person_408ba0cee0c6,1.0,1.0,1,explicit_mmr,1.0,1.0,1,1,1,1,0,1,1,1,train,test,train,test,train,train,1,1,0.57985175
31603,2448307,2448307,cleaned_awards,2025,1,methodkg_v3_02397,ann_01162,projtxt_bb05d13d9c407e12,EDU,DUE,Standard Grant,179500,inst_135f7d4bfc1d,University of Colorado at Colorado Springs,person_82cf0db7615c,1.0,1.0,1,explicit_mmr,1.0,1.0,1,1,1,1,0,1,1,1,train,test,train,test,train,train,1,1,0.54999
31604,2448308,2448308,cleaned_awards,2025,1,methodkg_v3_02398,ann_01776,projtxt_bb05d13d9c407e12,EDU,DUE,Standard Grant,179500,inst_b90e8fe1c924,University of Houston,person_ae348e20159f,1.0,1.0,1,explicit_mmr,1.0,1.0,1,1,1,1,0,1,1,1,train,test,train,test,train,train,1,1,0.5607952
31705,2500508,2500508,cleaned_awards,2025,1,methodkg_v3_02407,ann_01927,projtxt_cbd9baf56c812cbf,EDU,DRL,Standard Grant,"722700, 798000",inst_034f39b50631,North Carolina State University,person_4cf9a000908a,0.0,1.0,0,multi_method_not_mmr,1.0,1.0,1,0,1,0,2,1,1,1,train,test,train,test,train,train,1,1,0.6461468
31706,2500509,2500509,cleaned_awards,2025,1,methodkg_v3_02408,ann_00940,projtxt_cbd9baf56c812cbf,EDU,DRL,Standard Grant,"798000, 722700",inst_819ede6198ac,SRI International,person_2e80f11dce14,0.0,1.0,0,multi_method_not_mmr,1.0,1.0,1,0,1,0,2,1,1,1,train,test,train,test,train,train,1,1,0.6600457
31814,2508771,2508771,cleaned_awards,2025,1,methodkg_v3_02419,ann_01882,projtxt_5c402111dd884a81,EDU,DRL,Standard Grant,"764500, 722700, 105Y00",inst_e0c5f20aee22,George Mason University,person_c11ce59ba9d0,1.0,1.0,1,implicit_mmr,1.0,1.0,1,1,1,1,1,1,1,1,validation,test,train,test,train,train,1,1,0.62181926
31910,2515308,2515308,cleaned_awards,2025,1,methodkg_v3_02439,ann_00128,projtxt_1424adbb8c39d847,ENG,EEC,Standard Grant,576100,inst_4e731c3d9e8c,University of California-Davis,person_e5daf2ca152f,0.0,0.0,0,no_method_signal,0.0,0.0,0,0,0,0,3,0,0,0,train,test,train,test,train,test,0,1,0.51232463
31925,2516863,2516863,cleaned_awards,2025,1,methodkg_v3_02442,ann_00361,projtxt_00a2f5d6c3dc8511,EDU,DRL,Standard Grant,725900,inst_117e2fdfd1a3,American Museum Natural History,person_749232911d37,1.0,1.0,1,explicit_mmr,1.0,1.0,1,1,1,1,0,1,1,1,train,test,train,test,train,train,1,1,0.6493342
31946,2517445,2517445,cleaned_awards,2025,1,methodkg_v3_02445,ann_00999,projtxt_c699e960299be839,EDU,DRL,Standard Grant,725900,inst_71898bfdf3ea,Georgia Tech Research Corporation,person_6e6a627f38ed,0.0,1.0,0,quant_only,0.0,1.0,1,0,1,0,5,0,1,1,train,test,train,test,train,train,1,1,0.58755076
31969,2518685,2518685,cleaned_awards,2025,1,methodkg_v3_02449,ann_01664,projtxt_655924a0ba1756e5,EDU,DUE,Standard Grant,199800,inst_82afa5a40cdc,University of Georgia Research Foundation Inc,person_b1768fd1f27c,0.0,1.0,0,quant_only,0.0,1.0,1,0,1,0,5,0,1,1,train,test,train,test,train,train,1,1,0.6017748
31983,2518892,2518892,cleaned_awards,2025,1,methodkg_v3_02454,ann_00575,projtxt_d478227b7736bd86,EDU,DUE,Standard Grant,"199800, 179500",inst_82afa5a40cdc,University of Georgia Research Foundation Inc,person_e6c1fcc7572d,1.0,1.0,1,explicit_mmr,1.0,1.0,1,1,1,1,0,1,1,1,train,test,train,test,train,train,1,1,0.5574164
31984,2518893,2518893,cleaned_awards,2025,1,methodkg_v3_02455,ann_00319,projtxt_d478227b7736bd86,EDU,DUE,Standard Grant,"179500, 199800",inst_20147190a8e1,SUNY at Buffalo,person_b07c6faf91a2,1.0,1.0,1,explicit_mmr,1.0,1.0,1,1,1,1,0,1,1,1,train,test,train,test,train,train,1,1,0.55497557
32080,2527743,2527743,cleaned_awards,2025,1,methodkg_v3_02467,ann_00420,projtxt_f7700d96362d96d6,EDU,DUE,Standard Grant,153600,inst_3261d3fa4bd8,University of Nevada Las Vegas,person_083f013a92c4,0.0,1.0,0,multi_method_not_mmr,0.0,0.0,1,0,1,0,2,0,0,1,test,test,train,test,train,train,1,1,0.5010224
32098,2530060,2530060,cleaned_awards,2025,1,methodkg_v3_02468,ann_01696,projtxt_9f44400497ac04a9,EDU,DGE,Standard Grant,260Y00,inst_79068178781a,Clemson University,person_bc7431ad1c4b,1.0,1.0,1,explicit_mmr,1.0,1.0,1,1,1,1,0,1,1,1,train,test,validation,test,train,train,1,1,0.5799777
32128,2534873,2534873,cleaned_awards,2025,1,methodkg_v3_02475,ann_00522,projtxt_e5e2da47012f36ef,EDU,DUE,Standard Grant,179500,inst_f038069717ff,Louisiana State University,person_22b1088f2b68,1.0,1.0,1,explicit_mmr,1.0,1.0,1,1,1,1,0,1,1,1,train,test,train,test,train,train,1,1,0.5454564
32147,2545312,2545312,cleaned_awards,2025,1,methodkg_v3_02477,ann_00672,projtxt_57810f309484c98c,EDU,DRL,Continuing Grant,764500,inst_4c0918ef74d7,University of North Carolina at Chapel Hill,person_5cef09224926,1.0,1.0,1,explicit_mmr,1.0,1.0,1,1,1,1,0,1,1,1,train,test,train,test,train,train,1,1,0.6113619
